{
    "1720485598.699055": {
        "final_transformation": [
            0.9809557199478149,
            0.19413650035858154,
            -0.006718571297824383,
            -61.63922119140625,
            -0.19423267245292664,
            0.9807800650596619,
            -0.018704386427998543,
            -325.3605041503906,
            0.0029580716509371996,
            0.019652605056762695,
            0.9998055100440979,
            -12.656163215637207,
            0.0,
            0.0,
            0.0,
            1.0
        ],
        "fitness_score": 16.215201906541232
    },
    "1720485598.999899": {
        "final_transformation": [
            0.9812586903572083,
            0.19247005879878998,
            -0.009426775388419628,
            -61.29637145996094,
            -0.19260916113853455,
            0.9811321496963501,
            -0.01679420657455921,
            -324.8649597167969,
            0.006016399711370468,
            0.018294600769877434,
            0.999817430973053,
            -12.595216751098633,
            0.0,
            0.0,
            0.0,
            1.0
        ],
        "fitness_score": 14.527942147288721
    },
    "1720485599.300045": {
        "final_transformation": [
            0.9809677004814148,
            0.1937853991985321,
            -0.012324847280979156,
            -60.8707389831543,
            -0.19395792484283447,
            0.9809033870697021,
            -0.01453379075974226,
            -323.6393127441406,
            0.009272894822061062,
            0.016647132113575935,
            0.9998219013214111,
            -12.560627937316895,
            0.0,
            0.0,
            0.0,
            1.0
        ],
        "fitness_score": 14.734511706291467
    },
    "1720485599.600005": {
        "final_transformation": [
            0.9819847345352173,
            0.18881088495254517,
            -0.007865888997912407,
            -60.34541320800781,
            -0.18891330063343048,
            0.9818828105926514,
            -0.01493053324520588,
            -321.31195068359375,
            0.004904197994619608,
            0.016147060319781303,
            0.9998606443405151,
            -12.535901069641113,
            0.0,
            0.0,
            0.0,
            1.0
        ],
        "fitness_score": 13.151155536996036
    },
    "1720485599.899037": {
        "final_transformation": [
            0.9818289279937744,
            0.18975196778774261,
            -0.0028684381395578384,
            -59.891761779785156,
            -0.18977579474449158,
            0.9817351698875427,
            -0.013531741686165333,
            -319.4525146484375,
            0.0002482538402546197,
            0.013829792849719524,
            0.9999057054519653,
            -12.52811336517334,
            0.0,
            0.0,
            0.0,
            1.0
        ],
        "fitness_score": 12.40355950730481
    },
    "1720485600.200073": {
        "final_transformation": [
            0.9815486073493958,
            0.1911928504705429,
            -0.003440610831603408,
            -59.269012451171875,
            -0.19122283160686493,
            0.9814766049385071,
            -0.011798097752034664,
            -317.8633117675781,
            0.0011210370576009154,
            0.012237846851348877,
            0.9999263286590576,
            -12.485193252563477,
            0.0,
            0.0,
            0.0,
            1.0
        ],
        "fitness_score": 11.602658564726916
    },
    "1720485600.499586": {
        "final_transformation": [
            0.9811290502548218,
            0.19301852583885193,
            -0.011410916224122047,
            -58.55655288696289,
            -0.1931353360414505,
            0.9811213612556458,
            -0.009918686002492905,
            -316.24505615234375,
            0.009280883707106113,
            0.011934901587665081,
            0.9998862147331238,
            -12.462491035461426,
            0.0,
            0.0,
            0.0,
            1.0
        ],
        "fitness_score": 10.273923629544843
    },
    "1720485600.799661": {
        "final_transformation": [
            0.982782781124115,
            0.1844990849494934,
            -0.010183463804423809,
            -58.21584701538086,
            -0.1846267282962799,
            0.9827221035957336,
            -0.013170571066439152,
            -314.7942199707031,
            0.007577387150377035,
            0.014823470264673233,
            0.9998635649681091,
            -12.403182983398438,
            0.0,
            0.0,
            0.0,
            1.0
        ],
        "fitness_score": 10.253736779682653
    },
    "1720485601.099988": {
        "final_transformation": [
            0.9826242923736572,
            0.18551425635814667,
            -0.006303839385509491,
            -57.99430465698242,
            -0.1855972707271576,
            0.9824866056442261,
            -0.016612576320767403,
            -313.7817687988281,
            0.0031114225275814533,
            0.017493367195129395,
            0.999842643737793,
            -12.310517311096191,
            0.0,
            0.0,
            0.0,
            1.0
        ],
        "fitness_score": 10.5151300710767
    },
    "1720485601.400025": {
        "final_transformation": [
            0.9833405613899231,
            0.1817714422941208,
            0.0014596212422475219,
            -57.49253463745117,
            -0.1817212551832199,
            0.9831962585449219,
            -0.017368922010064125,
            -311.8097839355469,
            -0.004592402838170528,
            0.01681382767856121,
            0.999849796295166,
            -12.207625389099121,
            0.0,
            0.0,
            0.0,
            1.0
        ],
        "fitness_score": 9.877324771050006
    },
    "1720485601.700009": {
        "final_transformation": [
            0.9833082556724548,
            0.18195588886737823,
            -0.0009676817571744323,
            -56.74480438232422,
            -0.18194854259490967,
            0.9831680655479431,
            -0.01668655313551426,
            -308.6709899902344,
            -0.0020849662832915783,
            0.01658366620540619,
            0.9998624920845032,
            -12.081876754760742,
            0.0,
            0.0,
            0.0,
            1.0
        ],
        "fitness_score": 9.088731804260286
    },
    "1720485602.000114": {
        "final_transformation": [
            0.9818572998046875,
            0.18952792882919312,
            -0.0064409892074763775,
            -56.26116943359375,
            -0.1896151751279831,
            0.9817035794258118,
            -0.01745900884270668,
            -307.3502502441406,
            0.0030140350572764874,
            0.01836312562227249,
            0.99982750415802,
            -11.999906539916992,
            0.0,
            0.0,
            0.0,
            1.0
        ],
        "fitness_score": 8.926275817959116
    },
    "1720485602.300163": {
        "final_transformation": [
            0.9824866652488708,
            0.1861966848373413,
            -0.0076794312335550785,
            -55.62876892089844,
            -0.18631374835968018,
            0.9823086261749268,
            -0.01899830996990204,
            -305.1718444824219,
            0.004005984868854284,
            0.020095882937312126,
            0.9997919797897339,
            -11.86503791809082,
            0.0,
            0.0,
            0.0,
            1.0
        ],
        "fitness_score": 7.144718788765523
    },
    "1720485602.600114": {
        "final_transformation": [
            0.9819760322570801,
            0.1889248490333557,
            -0.005730886943638325,
            -55.11836242675781,
            -0.1889999657869339,
            0.9818159937858582,
            -0.017780454829335213,
            -303.1509094238281,
            0.0022673760540783405,
            0.01854248158633709,
            0.9998287558555603,
            -11.769709587097168,
            0.0,
            0.0,
            0.0,
            1.0
        ],
        "fitness_score": 6.2766414300002475
    },
    "1720485602.900182": {
        "final_transformation": [
            0.9841024279594421,
            0.17744266986846924,
            -0.007506628055125475,
            -54.621273040771484,
            -0.17756280303001404,
            0.9839025735855103,
            -0.020222924649715424,
            -300.296875,
            0.0037972265854477882,
            0.02123381942510605,
            0.999769926071167,
            -11.652682304382324,
            0.0,
            0.0,
            0.0,
            1.0
        ],
        "fitness_score": 6.304060270138537
    },
    "1720485603.200253": {
        "final_transformation": [
            0.9857942461967468,
            0.16772355139255524,
            -0.00898358691483736,
            -54.26301574707031,
            -0.16785870492458344,
            0.9856659173965454,
            -0.01692059077322483,
            -299.2184143066406,
            0.0060166832990944386,
            0.01818772591650486,
            0.9998189210891724,
            -11.561317443847656,
            0.0,
            0.0,
            0.0,
            1.0
        ],
        "fitness_score": 6.508533451986206
    },
    "1720485603.500206": {
        "final_transformation": [
            0.986990213394165,
            0.16077682375907898,
            -0.0022968119010329247,
            -53.62746047973633,
            -0.16079598665237427,
            0.9868741035461426,
            -0.015035239048302174,
            -297.594482421875,
            -0.00015079497825354338,
            0.015208409167826176,
            0.9998863935470581,
            -11.442673683166504,
            0.0,
            0.0,
            0.0,
            1.0
        ],
        "fitness_score": 8.218637565502345
    },
    "1720485603.800171": {
        "final_transformation": [
            0.9890741109848022,
            0.14731350541114807,
            -0.005971052683889866,
            -52.87295913696289,
            -0.1473993957042694,
            0.9889224767684937,
            -0.017620792612433434,
            -293.783203125,
            0.003308983286842704,
            0.01830785907804966,
            0.999829113483429,
            -11.336380958557129,
            0.0,
            0.0,
            0.0,
            1.0
        ],
        "fitness_score": 8.56032986902809
    },
    "1720485604.099447": {
        "final_transformation": [
            0.9883724451065063,
            0.15204475820064545,
            -4.2854568164329976e-05,
            -52.35591125488281,
            -0.15203702449798584,
            0.9883151054382324,
            -0.010880597867071629,
            -292.3689270019531,
            -0.001612095977179706,
            0.010760119184851646,
            0.9999404549598694,
            -11.227871894836426,
            0.0,
            0.0,
            0.0,
            1.0
        ],
        "fitness_score": 6.733066247044645
    },
    "1720485604.400151": {
        "final_transformation": [
            0.9888408780097961,
            0.14891701936721802,
            0.004141373094171286,
            -51.71518325805664,
            -0.14886491000652313,
            0.9887919425964355,
            -0.011338689364492893,
            -291.0915832519531,
            -0.005783622153103352,
            0.010595154948532581,
            0.9999304413795471,
            -11.151151657104492,
            0.0,
            0.0,
            0.0,
            1.0
        ],
        "fitness_score": 6.849235126559352
    },
    "1720485604.700163": {
        "final_transformation": [
            0.9907118082046509,
            0.13598518073558807,
            -0.00022645218996331096,
            -51.746192932128906,
            -0.13596175611019135,
            0.9904851913452148,
            -0.0213836170732975,
            -288.0029602050781,
            -0.0026837061159312725,
            0.02121526561677456,
            0.9997720718383789,
            -11.021254539489746,
            0.0,
            0.0,
            0.0,
            1.0
        ],
        "fitness_score": 6.79999688720196
    },
    "1720485605.000168": {
        "final_transformation": [
            0.991722583770752,
            0.12824746966362,
            0.0061063156463205814,
            -51.52538299560547,
            -0.1281943917274475,
            0.9917108416557312,
            -0.008542866446077824,
            -286.629150390625,
            -0.007151361089199781,
            0.0076888795010745525,
            0.9999476075172424,
            -10.971426963806152,
            0.0,
            0.0,
            0.0,
            1.0
        ],
        "fitness_score": 7.233552679525212
    },
    "1720485605.300115": {
        "final_transformation": [
            0.9923532009124756,
            0.12343476712703705,
            0.00033515607356093824,
            -51.224342346191406,
            -0.12341897934675217,
            0.9922416806221008,
            -0.015057933516800404,
            -284.85626220703125,
            -0.0021914078388363123,
            0.014900862239301205,
            0.999890148639679,
            -10.899528503417969,
            0.0,
            0.0,
            0.0,
            1.0
        ],
        "fitness_score": 7.209846680199681
    },
    "1720485605.600011": {
        "final_transformation": [
            0.9942079782485962,
            0.10743986070156097,
            0.002711901208385825,
            -51.63322067260742,
            -0.1074085608124733,
            0.9941612482070923,
            -0.010434248484671116,
            -280.4871826171875,
            -0.00381727353669703,
            0.010082037188112736,
            0.9999454617500305,
            -10.754182815551758,
            0.0,
            0.0,
            0.0,
            1.0
        ],
        "fitness_score": 7.6547464256385265
    },
    "1720485605.899635": {
        "final_transformation": [
            0.9949197769165039,
            0.1006530150771141,
            -0.0025843558833003044,
            -50.82573699951172,
            -0.10067926347255707,
            0.9948356747627258,
            -0.013005242682993412,
            -277.23931884765625,
            0.0012618639739230275,
            0.013198825530707836,
            0.9999134540557861,
            -10.649216651916504,
            0.0,
            0.0,
            0.0,
            1.0
        ],
        "fitness_score": 7.441706526623371
    },
    "1720485606.200042": {
        "final_transformation": [
            0.9958958625793457,
            0.0904357060790062,
            -0.00381480623036623,
            -50.28266525268555,
            -0.09046323597431183,
            0.9958738088607788,
            -0.007355849724262953,
            -274.7991027832031,
            0.003133681369945407,
            0.007670307997614145,
            0.9999645948410034,
            -10.552915573120117,
            0.0,
            0.0,
            0.0,
            1.0
        ],
        "fitness_score": 7.39761550704186
    },
    "1720485606.500152": {
        "final_transformation": [
            0.9957190752029419,
            0.09207773208618164,
            -0.008132370188832283,
            -49.70630645751953,
            -0.09216879308223724,
            0.9956791400909424,
            -0.011404691264033318,
            -270.67828369140625,
            0.007046964485198259,
            0.012104916386306286,
            0.9999020099639893,
            -10.424750328063965,
            0.0,
            0.0,
            0.0,
            1.0
        ],
        "fitness_score": 6.885681751940291
    },
    "1720485606.800172": {
        "final_transformation": [
            0.9954870343208313,
            0.09431064128875732,
            -0.010627717711031437,
            -49.273006439208984,
            -0.09438048303127289,
            0.9955182671546936,
            -0.006102352868765593,
            -268.2411193847656,
            0.010004437528550625,
            0.0070772976614534855,
            0.9999262690544128,
            -10.343453407287598,
            0.0,
            0.0,
            0.0,
            1.0
        ],
        "fitness_score": 6.361809907956444
    },
    "1720485607.100125": {
        "final_transformation": [
            0.9954498410224915,
            0.0948968157172203,
            -0.008685080334544182,
            -48.576107025146484,
            -0.09492197632789612,
            0.9954816102981567,
            -0.002330973744392395,
            -265.1775207519531,
            0.008424554020166397,
            0.003144207177683711,
            0.9999619722366333,
            -10.250151634216309,
            0.0,
            0.0,
            0.0,
            1.0
        ],
        "fitness_score": 6.022474975428618
    },
    "1720485607.400195": {
        "final_transformation": [
            0.9954602718353271,
            0.09486508369445801,
            -0.007770396303385496,
            -47.98740005493164,
            -0.09487195312976837,
            0.9954908490180969,
            -0.00028829628718085587,
            -262.856689453125,
            0.007707906421273947,
            0.0010236547095701098,
            0.9999733567237854,
            -10.171929359436035,
            0.0,
            0.0,
            0.0,
            1.0
        ],
        "fitness_score": 5.403666623758284
    },
    "1720485607.700191": {
        "final_transformation": [
            0.9950907826423645,
            0.09884043037891388,
            -0.005374605301767588,
            -46.957000732421875,
            -0.09887368232011795,
            0.9950846433639526,
            -0.005927746649831533,
            -260.43682861328125,
            0.004762150812894106,
            0.006429560016840696,
            0.999971330165863,
            -10.059579849243164,
            0.0,
            0.0,
            0.0,
            1.0
        ],
        "fitness_score": 5.156906407277696
    },
    "1720485608.000113": {
        "final_transformation": [
            0.9947242140769958,
            0.10256534069776535,
            -0.0032620045822113752,
            -45.77207565307617,
            -0.10256756097078323,
            0.9947287440299988,
            -1.6928488548728637e-05,
            -257.4021301269531,
            0.0032429611310362816,
            0.0003509600355755538,
            0.9999955296516418,
            -9.899107933044434,
            0.0,
            0.0,
            0.0,
            1.0
        ],
        "fitness_score": 4.818220796953266
    },
    "1720485608.300055": {
        "final_transformation": [
            0.9945160746574402,
            0.10454629361629486,
            -0.0033196224831044674,
            -45.18398666381836,
            -0.10455147176980972,
            0.9945212006568909,
            -0.0008225036435760558,
            -254.07882690429688,
            0.0032153362408280373,
            0.0011645641643553972,
            0.9999971389770508,
            -9.807831764221191,
            0.0,
            0.0,
            0.0,
            1.0
        ],
        "fitness_score": 4.092173623257828
    },
    "1720485608.600157": {
        "final_transformation": [
            0.9943386316299438,
            0.10628170520067215,
            -0.0019956205505877733,
            -44.75120544433594,
            -0.10627976059913635,
            0.9943389892578125,
            0.0020451094023883343,
            -251.82974243164063,
            0.002201576018705964,
            -0.0018218760378658772,
            0.9999999403953552,
            -9.73385238647461,
            0.0,
            0.0,
            0.0,
            1.0
        ],
        "fitness_score": 3.406256814343086
    },
    "1720485608.900193": {
        "final_transformation": [
            0.9942461848258972,
            0.10704929381608963,
            -0.00470050610601902,
            -44.40651321411133,
            -0.10704182088375092,
            0.9942551255226135,
            0.0022105886600911617,
            -249.02178955078125,
            0.004910037852823734,
            -0.0016952106961980462,
            0.9999898076057434,
            -9.63786506652832,
            0.0,
            0.0,
            0.0,
            1.0
        ],
        "fitness_score": 2.994824283113926
    },
    "1720485609.200087": {
        "final_transformation": [
            0.9945216774940491,
            0.1044922024011612,
            -0.003646268043667078,
            -43.78429412841797,
            -0.104472815990448,
            0.9945141673088074,
            0.005598336923867464,
            -246.08731079101563,
            0.004211151506751776,
            -0.005187222268432379,
            0.9999805092811584,
            -9.558206558227539,
            0.0,
            0.0,
            0.0,
            1.0
        ],
        "fitness_score": 2.6725837021318153
    },
    "1720485609.500082": {
        "final_transformation": [
            0.9946366548538208,
            0.10330940783023834,
            -0.005378358997404575,
            -43.18302917480469,
            -0.10328564047813416,
            0.994641900062561,
            0.00517661077901721,
            -243.17742919921875,
            0.005884195677936077,
            -0.0045938496477901936,
            0.9999751448631287,
            -9.446023941040039,
            0.0,
            0.0,
            0.0,
            1.0
        ],
        "fitness_score": 2.5842335108753014
    },
    "1720485609.800080": {
        "final_transformation": [
            0.9948412775993347,
            0.10130266100168228,
            -0.005585540551692247,
            -42.64564514160156,
            -0.10126543790102005,
            0.9948360323905945,
            0.007061312440782785,
            -240.4938201904297,
            0.006271955091506243,
            -0.006459750235080719,
            0.9999620914459229,
            -9.404240608215332,
            0.0,
            0.0,
            0.0,
            1.0
        ],
        "fitness_score": 2.4789336388562515
    },
    "1720485610.100060": {
        "final_transformation": [
            0.9947435259819031,
            0.10205528885126114,
            -0.00871471781283617,
            -42.033592224121094,
            -0.10202357172966003,
            0.9947760701179504,
            0.004285089671611786,
            -237.6002655029297,
            0.009106430225074291,
            -0.0033739637583494186,
            0.9999555945396423,
            -9.335602760314941,
            0.0,
            0.0,
            0.0,
            1.0
        ],
        "fitness_score": 2.2420893663444317
    },
    "1720485610.400182": {
        "final_transformation": [
            0.994793176651001,
            0.10177738219499588,
            -0.005500642117112875,
            -41.396183013916016,
            -0.10174241662025452,
            0.9947884678840637,
            0.0068254126235842705,
            -234.63430786132813,
            0.006166568025946617,
            -0.006230760365724564,
            0.9999641180038452,
            -9.226239204406738,
            0.0,
            0.0,
            0.0,
            1.0
        ],
        "fitness_score": 1.9562263854043844
    },
    "1720485610.699958": {
        "final_transformation": [
            0.9947432279586792,
            0.10228180140256882,
            -0.005156558472663164,
            -40.930171966552734,
            -0.10222141444683075,
            0.9947003126144409,
            0.011182173155248165,
            -232.30735778808594,
            0.006272893864661455,
            -0.01059678103774786,
            0.9999261498451233,
            -9.161539077758789,
            0.0,
            0.0,
            0.0,
            1.0
        ],
        "fitness_score": 1.7993105574339674
    },
    "1720485611.000154": {
        "final_transformation": [
            0.9946698546409607,
            0.10303220897912979,
            -0.004374650306999683,
            -40.17714309692383,
            -0.10301317274570465,
            0.9946680068969727,
            0.005092956591397524,
            -228.33956909179688,
            0.004875971004366875,
            -0.004615706391632557,
            0.9999807476997375,
            -9.026710510253906,
            0.0,
            0.0,
            0.0,
            1.0
        ],
        "fitness_score": 1.9154270148430226
    },
    "1720485611.300151": {
        "final_transformation": [
            0.9945349097251892,
            0.1043383851647377,
            -0.0037709407042711973,
            -39.67251968383789,
            -0.1043076440691948,
            0.9945120215415955,
            0.008193405345082283,
            -225.0929412841797,
            0.004605084657669067,
            -0.00775583740323782,
            0.9999625086784363,
            -8.892823219299316,
            0.0,
            0.0,
            0.0,
            1.0
        ],
        "fitness_score": 1.671897814031573
    },
    "1720485611.600151": {
        "final_transformation": [
            0.9942526817321777,
            0.10700974613428116,
            -0.0037168480921536684,
            -39.00590515136719,
            -0.10699305683374405,
            0.9942481517791748,
            0.005094112362712622,
            -222.11602783203125,
            0.004240532871335745,
            -0.0046676937490701675,
            0.9999844431877136,
            -8.811969757080078,
            0.0,
            0.0,
            0.0,
            1.0
        ],
        "fitness_score": 1.6702278233605339
    },
    "1720485611.900182": {
        "final_transformation": [
            0.9938250780105591,
            0.11093888431787491,
            -0.0023403398226946592,
            -38.255245208740234,
            -0.11093202233314514,
            0.9938229322433472,
            0.003479178762063384,
            -219.01087951660156,
            0.002711761277168989,
            -0.0031985854730010033,
            0.9999933242797852,
            -8.698641777038574,
            0.0,
            0.0,
            0.0,
            1.0
        ],
        "fitness_score": 1.7965432373840786
    },
    "1720485612.200186": {
        "final_transformation": [
            0.9937974810600281,
            0.11117105185985565,
            -0.0031248501036316156,
            -37.696781158447266,
            -0.11115331947803497,
            0.9937858581542969,
            0.006054901517927647,
            -216.13699340820313,
            0.003778503043577075,
            -0.005670526996254921,
            0.9999797344207764,
            -8.59900951385498,
            0.0,
            0.0,
            0.0,
            1.0
        ],
        "fitness_score": 1.8196162753166194
    },
    "1720485612.500203": {
        "final_transformation": [
            0.9936453700065613,
            0.1124090924859047,
            -0.006124726962298155,
            -36.99286651611328,
            -0.11237833648920059,
            0.9936526417732239,
            0.005472214892506599,
            -212.48873901367188,
            0.006700913421809673,
            -0.004749645479023457,
            0.9999682903289795,
            -8.485811233520508,
            0.0,
            0.0,
            0.0,
            1.0
        ],
        "fitness_score": 1.6646312446567701
    },
    "1720485612.800154": {
        "final_transformation": [
            0.9934846758842468,
            0.11355113238096237,
            -0.010070557706058025,
            -36.417510986328125,
            -0.11347417533397675,
            0.993509829044342,
            0.008165346458554268,
            -209.3761749267578,
            0.010932289063930511,
            -0.006969856098294258,
            0.9999166131019592,
            -8.349835395812988,
            0.0,
            0.0,
            0.0,
            1.0
        ],
        "fitness_score": 1.60276377897173
    },
    "1720485613.100199": {
        "final_transformation": [
            0.9933834075927734,
            0.11462148278951645,
            -0.007530846633017063,
            -35.82743453979492,
            -0.11456579715013504,
            0.9933882355690002,
            0.007713570725172758,
            -206.4450225830078,
            0.00836513377726078,
            -0.006800197996199131,
            0.9999441504478455,
            -8.27498722076416,
            0.0,
            0.0,
            0.0,
            1.0
        ],
        "fitness_score": 1.4968789324956264
    },
    "1720485613.400215": {
        "final_transformation": [
            0.9935103058815002,
            0.1134587749838829,
            -0.00847207847982645,
            -35.328372955322266,
            -0.11339724063873291,
            0.9935244917869568,
            0.0076016876846551895,
            -204.0226287841797,
            0.009279615245759487,
            -0.006592132616788149,
            0.9999386072158813,
            -8.202118873596191,
            0.0,
            0.0,
            0.0,
            1.0
        ],
        "fitness_score": 1.6468974509931409
    },
    "1720485613.700163": {
        "final_transformation": [
            0.9936401844024658,
            0.11241712421178818,
            -0.006543109659105539,
            -34.585445404052734,
            -0.11234376579523087,
            0.9936116933822632,
            0.010917745530605316,
            -200.11471557617188,
            0.007728611119091511,
            -0.010113680735230446,
            0.9999198317527771,
            -8.085104942321777,
            0.0,
            0.0,
            0.0,
            1.0
        ],
        "fitness_score": 1.730523595548278
    },
    "1720485613.998863": {
        "final_transformation": [
            0.9935024976730347,
            0.11369045823812485,
            -0.005886559374630451,
            -33.83983612060547,
            -0.11363329738378525,
            0.993479311466217,
            0.009566360153257847,
            -197.0346221923828,
            0.006935718934983015,
            -0.008835745975375175,
            0.9999385476112366,
            -8.012575149536133,
            0.0,
            0.0,
            0.0,
            1.0
        ],
        "fitness_score": 1.7064822100035475
    },
    "1720485614.300079": {
        "final_transformation": [
            0.9934433102607727,
            0.11417648196220398,
            -0.006362773943692446,
            -33.18742370605469,
            -0.11415263265371323,
            0.9934564232826233,
            0.004302686545997858,
            -193.7793426513672,
            0.006812321487814188,
            -0.003548592096194625,
            0.9999731183052063,
            -7.938412189483643,
            0.0,
            0.0,
            0.0,
            1.0
        ],
        "fitness_score": 1.6673619041735428
    },
    "1720485614.600084": {
        "final_transformation": [
            0.9930610656738281,
            0.11711686849594116,
            -0.01073770597577095,
            -32.32780456542969,
            -0.11704874783754349,
            0.9931034445762634,
            0.006953155621886253,
            -190.7084503173828,
            0.011477883905172348,
            -0.005648596212267876,
            0.9999208450317383,
            -7.90022611618042,
            0.0,
            0.0,
            0.0,
            1.0
        ],
        "fitness_score": 1.6663934504158662
    },
    "1720485614.900120": {
        "final_transformation": [
            0.9933986663818359,
            0.11441517621278763,
            -0.008472378365695477,
            -31.760112762451172,
            -0.11435268074274063,
            0.9934118390083313,
            0.0077588316053152084,
            -187.12942504882813,
            0.009304205887019634,
            -0.006739211268723011,
            0.9999343752861023,
            -7.786038875579834,
            0.0,
            0.0,
            0.0,
            1.0
        ],
        "fitness_score": 1.5493116087105105
    },
    "1720485615.200119": {
        "final_transformation": [
            0.9931586980819702,
            0.11627452820539474,
            -0.010789977386593819,
            -31.03416633605957,
            -0.11619457602500916,
            0.9931957721710205,
            0.007940146140754223,
            -184.5682373046875,
            0.011639714241027832,
            -0.006632560398429632,
            0.999911367893219,
            -7.7421135902404785,
            0.0,
            0.0,
            0.0,
            1.0
        ],
        "fitness_score": 1.497240930240887
    },
    "1720485615.500054": {
        "final_transformation": [
            0.9934755563735962,
            0.11367753893136978,
            -0.009456072002649307,
            -30.584049224853516,
            -0.1136309802532196,
            0.9935121536254883,
            0.005520279053598642,
            -181.60157775878906,
            0.01002213079482317,
            -0.004410192370414734,
            0.9999430775642395,
            -7.61649227142334,
            0.0,
            0.0,
            0.0,
            1.0
        ],
        "fitness_score": 1.520933974447271
    },
    "1720485615.799171": {
        "final_transformation": [
            0.9938439130783081,
            0.11042986810207367,
            -0.009099971503019333,
            -30.254941940307617,
            -0.11036597192287445,
            0.9938650131225586,
            0.007469899952411652,
            -176.9021453857422,
            0.009868964552879333,
            -0.006420032121241093,
            0.9999323487281799,
            -7.460824966430664,
            0.0,
            0.0,
            0.0,
            1.0
        ],
        "fitness_score": 1.385546489542619
    },
    "1720485616.099188": {
        "final_transformation": [
            0.9947330355644226,
            0.10228562355041504,
            -0.006859745364636183,
            -30.09145164489746,
            -0.10222918540239334,
            0.9947258234024048,
            0.0084137674421072,
            -174.81698608398438,
            0.0076841567642986774,
            -0.007668653037399054,
            0.9999415278434753,
            -7.393613815307617,
            0.0,
            0.0,
            0.0,
            1.0
        ],
        "fitness_score": 1.0755100341520107
    },
    "1720485616.400154": {
        "final_transformation": [
            0.9945816993713379,
            0.10366891324520111,
            -0.007972026243805885,
            -29.507125854492188,
            -0.10361779481172562,
            0.9945956468582153,
            0.006832395680248737,
            -172.94488525390625,
            0.008637160994112492,
            -0.005969801917672157,
            0.9999469518661499,
            -7.304332733154297,
            0.0,
            0.0,
            0.0,
            1.0
        ],
        "fitness_score": 1.0865001998269745
    },
    "1720485616.700181": {
        "final_transformation": [
            0.9944630861282349,
            0.1046544685959816,
            -0.009678819216787815,
            -28.7655086517334,
            -0.10461849719285965,
            0.9945059418678284,
            0.004362029954791069,
            -169.5265350341797,
            0.010081995278596878,
            -0.003325867932289839,
            0.9999467134475708,
            -7.1593403816223145,
            0.0,
            0.0,
            0.0,
            1.0
        ],
        "fitness_score": 1.181022592084939
    },
    "1720485616.998525": {
        "final_transformation": [
            0.9938716292381287,
            0.11005788296461105,
            -0.010487026534974575,
            -28.02310562133789,
            -0.10996711999177933,
            0.9938952922821045,
            0.00903404876589775,
            -166.3711700439453,
            0.011417233385145664,
            -0.007825876586139202,
            0.9999046921730042,
            -7.068667411804199,
            0.0,
            0.0,
            0.0,
            1.0
        ],
        "fitness_score": 1.2116972766033725
    },
    "1720485617.300215": {
        "final_transformation": [
            0.9934422969818115,
            0.1139606386423111,
            -0.009130838327109814,
            -27.23653221130371,
            -0.11393769830465317,
            0.9934834241867065,
            0.003271724795922637,
            -163.39828491210938,
            0.009444093331694603,
            -0.002210451988503337,
            0.9999544620513916,
            -6.943233013153076,
            0.0,
            0.0,
            0.0,
            1.0
        ],
        "fitness_score": 1.2560060456482747
    },
    "1720485617.600291": {
        "final_transformation": [
            0.9936717748641968,
            0.11203526705503464,
            -0.008286519907414913,
            -26.94608497619629,
            -0.11195433139801025,
            0.9936660528182983,
            0.009879763238132,
            -160.25717163085938,
            0.009340843185782433,
            -0.008889961987733841,
            0.9999183416366577,
            -6.825937271118164,
            0.0,
            0.0,
            0.0,
            1.0
        ],
        "fitness_score": 1.3978889680586155
    },
    "1720485617.900300": {
        "final_transformation": [
            0.9933907985687256,
            0.11448386311531067,
            -0.008496060036122799,
            -25.913043975830078,
            -0.11442302912473679,
            0.9934058785438538,
            0.007551530841737986,
            -156.59815979003906,
            0.009304497390985489,
            -0.006529888603836298,
            0.9999361634254456,
            -6.681132793426514,
            0.0,
            0.0,
            0.0,
            1.0
        ],
        "fitness_score": 1.6416935201547989
    },
    "1720485618.200048": {
        "final_transformation": [
            0.9927074313163757,
            0.1199338287115097,
            -0.012227058410644531,
            -24.39532470703125,
            -0.11984919011592865,
            0.9927648305892944,
            0.007596730254590511,
            -153.3377685546875,
            0.013049622997641563,
            -0.006076399702578783,
            0.9998986124992371,
            -6.552276134490967,
            0.0,
            0.0,
            0.0,
            1.0
        ],
        "fitness_score": 1.6612488148086793
    },
    "1720485618.499995": {
        "final_transformation": [
            0.9930419325828552,
            0.11705184727907181,
            -0.01307272631675005,
            -23.733909606933594,
            -0.11692729592323303,
            0.9930909276008606,
            0.010083339177072048,
            -150.0767364501953,
            0.014162596315145493,
            -0.008485169149935246,
            0.9998673796653748,
            -6.411934852600098,
            0.0,
            0.0,
            0.0,
            1.0
        ],
        "fitness_score": 1.7097697284628603
    },
    "1720485618.800059": {
        "final_transformation": [
            0.9929776787757874,
            0.11771395802497864,
            -0.011879688128829002,
            -23.043060302734375,
            -0.11770918220281601,
            0.9930471777915955,
            0.0013368960935622454,
            -145.77029418945313,
            0.011954382061958313,
            7.031711720628664e-05,
            0.9999298453330994,
            -6.188488006591797,
            0.0,
            0.0,
            0.0,
            1.0
        ],
        "fitness_score": 1.7229592440026513
    },
    "1720485619.099606": {
        "final_transformation": [
