{
    "1720181334.900118": {
        "final_transformation": [
            -0.03443117067217827,
            -0.9976795315742493,
            -0.05876147001981735,
            -12.153528213500977,
            0.9993434548377991,
            -0.033691491931676865,
            -0.013546518981456757,
            -261.891845703125,
            0.01153521053493023,
            -0.05918963626027107,
            0.998181164264679,
            -9.572545051574707,
            0.0,
            0.0,
            0.0,
            1.0
        ],
        "fitness_score": 3.447100795044423
    },
    "1720181335.200134": {
        "final_transformation": [
            -0.022297920659184456,
            -0.9981530904769897,
            -0.056517381221055984,
            -13.910621643066406,
            0.999557375907898,
            -0.021148839965462685,
            -0.020851364359259605,
            -261.5601806640625,
            0.019617469981312752,
            -0.05695798993110657,
            0.9981850385665894,
            -9.555685043334961,
            0.0,
            0.0,
            0.0,
            1.0
        ],
        "fitness_score": 3.805515083449209
    },
    "1720181336.100033": {
        "final_transformation": [
            0.023615438491106033,
            -0.998126208782196,
            -0.056432195007801056,
            -18.409852981567383,
            0.999325156211853,
            0.025154557079076767,
            -0.026733243837952614,
            -260.6405029296875,
            0.028102684766054153,
            -0.05576356500387192,
            0.998051106929779,
            -9.642236709594727,
            0.0,
            0.0,
            0.0,
            1.0
        ],
        "fitness_score": 4.443905870025788
    },
    "1720181336.400080": {
        "final_transformation": [
            0.034934524446725845,
            -0.9976592063903809,
            -0.058809444308280945,
            -19.467023849487305,
            0.999098002910614,
            0.03628750517964363,
            -0.022110510617494583,
            -260.4571533203125,
            0.024192655459046364,
            -0.05798451229929924,
            0.9980265498161316,
            -9.596393585205078,
            0.0,
            0.0,
            0.0,
            1.0
        ],
        "fitness_score": 4.77115295033375
    },
    "1720181336.700057": {
        "final_transformation": [
            0.04449630156159401,
            -0.9971450567245483,
            -0.06099122762680054,
            -20.197914123535156,
            0.9988877177238464,
            0.04535458981990814,
            -0.012770972214639187,
            -260.2618713378906,
            0.01550065353512764,
            -0.06035587191581726,
            0.9980592727661133,
            -9.660329818725586,
            0.0,
            0.0,
            0.0,
            1.0
        ],
        "fitness_score": 5.032344583925492
    },
    "1720181337.299741": {
        "final_transformation": [
            0.05414262413978577,
            -0.9975169897079468,
            -0.04505804926156998,
            -21.207828521728516,
            0.9980522394180298,
            0.05546111613512039,
            -0.02856311947107315,
            -260.12982177734375,
            0.030991028994321823,
            -0.04342446103692055,
            0.9985770583152771,
            -9.601968765258789,
            0.0,
            0.0,
            0.0,
            1.0
        ],
        "fitness_score": 5.255957862410185
    },
    "1720181337.900055": {
        "final_transformation": [
            0.05869090557098389,
            -0.9970850944519043,
            -0.048793431371450424,
            -21.609119415283203,
            0.9979363679885864,
            0.0598793663084507,
            -0.023274600505828857,
            -259.9681701660156,
            0.02612830325961113,
            -0.0473271943628788,
            0.9985389113426208,
            -9.597857475280762,
            0.0,
            0.0,
            0.0,
            1.0
        ],
        "fitness_score": 5.36099193608836
    },
    "1720181338.200009": {
        "final_transformation": [
            0.060314424335956573,
            -0.9970234036445618,
            -0.04806513711810112,
            -21.69135856628418,
            0.9978027939796448,
            0.061544269323349,
            -0.02455216646194458,
            -259.94091796875,
            0.027437053620815277,
            -0.04647926986217499,
            0.9985434412956238,
            -9.591835021972656,
            0.0,
            0.0,
            0.0,
            1.0
        ],
        "fitness_score": 5.421465246348758
    },
    "1720181338.500149": {
        "final_transformation": [
            0.06072969362139702,
            -0.9973059296607971,
            -0.04118036851286888,
            -21.816246032714844,
            0.9977533221244812,
            0.061823487281799316,
            -0.025844356045126915,
            -259.9651794433594,
            0.028320467099547386,
            -0.039518874138593674,
            0.9988183975219727,
            -9.608939170837402,
            0.0,
            0.0,
            0.0,
            1.0
        ],
        "fitness_score": 5.382726797001896
    },
    "1720181338.800209": {
        "final_transformation": [
            0.06081613898277283,
            -0.9971936941146851,
            -0.04366493225097656,
            -21.790937423706055,
            0.9977307319641113,
            0.061999447643756866,
            -0.02628362737596035,
            -259.9599609375,
            0.028916897252202034,
            -0.0419679656624794,
            0.9987009763717651,
            -9.606636047363281,
            0.0,
            0.0,
            0.0,
            1.0
        ],
        "fitness_score": 5.432289634622294
    },
    "1720181339.100197": {
        "final_transformation": [
            0.06075843423604965,
            -0.9972350597381592,
            -0.042803891003131866,
            -21.770587921142578,
            0.9977413415908813,
            0.061910342425107956,
            -0.026123275980353355,
            -259.98876953125,
            0.02870090864598751,
            -0.04112060368061066,
            0.9987431168556213,
            -9.610676765441895,
            0.0,
            0.0,
            0.0,
            1.0
        ],
        "fitness_score": 5.351139536386035
    },
    "1720181339.399711": {
        "final_transformation": [
            0.06119644269347191,
            -0.997218668460846,
            -0.04256966710090637,
            -21.741491317749023,
            0.9977181553840637,
            0.06233683228492737,
            -0.0260059405118227,
            -260.0018310546875,
            0.028587110340595245,
            -0.040881626307964325,
            0.998757541179657,
            -9.613954544067383,
            0.0,
            0.0,
            0.0,
            1.0
        ],
        "fitness_score": 5.4437604764721295
    },
    "1720181340.000082": {
        "final_transformation": [
            0.060777537524700165,
            -0.9972487092018127,
            -0.042462050914764404,
            -21.738218307495117,
            0.9977589249610901,
            0.06189166009426117,
            -0.02545071765780449,
            -260.1297912597656,
            0.02800855226814747,
            -0.0408206507563591,
            0.998775839805603,
            -9.656563758850098,
            0.0,
            0.0,
            0.0,
            1.0
        ],
        "fitness_score": 5.445183485898531
    },
    "1720181340.300096": {
        "final_transformation": [
            0.06145169958472252,
            -0.9972149729728699,
            -0.04226398840546608,
            -21.803462982177734,
            0.9977238178253174,
            0.06254806369543076,
            -0.025145532563328743,
            -260.27215576171875,
            0.027718937024474144,
            -0.040623266249895096,
            0.9987903833389282,
            -9.697821617126465,
            0.0,
            0.0,
            0.0,
            1.0
        ],
        "fitness_score": 5.541221846475069
    },
    "1720181340.900038": {
        "final_transformation": [
            0.06294970959424973,
            -0.9972077012062073,
            -0.040213681757450104,
            -22.200468063354492,
            0.9976524114608765,
            0.06396407634019852,
            -0.02447883039712906,
            -260.3736877441406,
            0.02698257565498352,
            -0.038578927516937256,
            0.9988927841186523,
            -9.787355422973633,
            0.0,
            0.0,
            0.0,
            1.0
        ],
        "fitness_score": 5.681639674741831
    },
    "1720181341.500098": {
        "final_transformation": [
            0.07466839998960495,
            -0.996478259563446,
            -0.03819170966744423,
            -22.86490821838379,
            0.9967573881149292,
            0.07573100924491882,
            -0.02719717100262642,
            -260.2644958496094,
            0.029993560165166855,
            -0.03603776544332504,
            0.9989016652107239,
            -9.656755447387695,
            0.0,
            0.0,
            0.0,
            1.0
        ],
        "fitness_score": 5.839485193963715
    },
    "1720181341.800063": {
        "final_transformation": [
            0.0891759991645813,
            -0.99534672498703,
            -0.03660273924469948,
            -23.31966209411621,
            0.9954516887664795,
            0.09029944241046906,
            -0.030330359935760498,
            -260.0993957519531,
            0.033494241535663605,
            -0.03373222053050995,
            0.9988710284233093,
            -9.634385108947754,
            0.0,
            0.0,
            0.0,
            1.0
        ],
        "fitness_score": 5.900049126343757
    },
    "1720181342.400046": {
        "final_transformation": [
            0.13778233528137207,
            -0.9895445108413696,
            -0.042634718120098114,
            -24.620403289794922,
            0.9899568557739258,
            0.13895992934703827,
            -0.0260073971003294,
            -259.14471435546875,
            0.031659889966249466,
            -0.03862381726503372,
            0.9987531304359436,
            -9.616040229797363,
            0.0,
            0.0,
            0.0,
            1.0
        ],
        "fitness_score": 6.63425092646325
    },
    "1720181342.700104": {
        "final_transformation": [
            0.16931480169296265,
            -0.9842994809150696,
            -0.049906183034181595,
            -24.8891544342041,
            0.9847174882888794,
            0.17104966938495636,
            -0.03280935436487198,
            -259.1895751953125,
            0.04083047807216644,
            -0.04358895123004913,
            0.9982159733772278,
            -9.601283073425293,
            0.0,
            0.0,
            0.0,
            1.0
        ],
        "fitness_score": 7.075675103240492
    },
    "1720181343.300092": {
        "final_transformation": [
            0.2506977319717407,
            -0.9669642448425293,
            -0.04618395119905472,
            -28.08702278137207,
            0.9672486186027527,
            0.2521606683731079,
            -0.029094893485307693,
            -258.9795227050781,
            0.039779357612133026,
            -0.03737794980406761,
            0.9985105991363525,
            -9.738593101501465,
            0.0,
            0.0,
            0.0,
            1.0
        ],
        "fitness_score": 7.371934081995575
    },
    "1720181343.600167": {
        "final_transformation": [
            0.29440659284591675,
            -0.9546483159065247,
            -0.04440334811806679,
            -29.59384536743164,
            0.955007791519165,
            0.2956249415874481,
            -0.023806659504771233,
            -259.2442932128906,
            0.03585365042090416,
            -0.03539734706282616,
            0.9987301230430603,
            -9.885422706604004,
            0.0,
            0.0,
            0.0,
            1.0
        ],
        "fitness_score": 7.270308396252813
    },
    "1720181344.199460": {
        "final_transformation": [
            0.3793785274028778,
            -0.9238109588623047,
            -0.051427897065877914,
            -30.72697639465332,
            0.9242658019065857,
            0.3809456527233124,
            -0.02478914149105549,
            -257.484619140625,
            0.04249163717031479,
            -0.03812919184565544,
            0.9983699321746826,
            -9.710506439208984,
            0.0,
            0.0,
            0.0,
            1.0
        ],
        "fitness_score": 7.583740267204894
    },
    "1720181344.500065": {
        "final_transformation": [
            0.4228099286556244,
            -0.9049755930900574,
            -0.0474613793194294,
            -31.007505416870117,
            0.9054006934165955,
            0.42407265305519104,
            -0.02028762735426426,
            -257.2974853515625,
            0.0384867787361145,
            -0.03439442068338394,
            0.9986697435379028,
            -9.667792320251465,
            0.0,
            0.0,
            0.0,
            1.0
        ],
        "fitness_score": 7.574181293057082
    },
    "1720181344.800143": {
        "final_transformation": [
            0.4645752012729645,
            -0.8844093084335327,
            -0.04467017576098442,
            -31.434776306152344,
            0.8845891356468201,
            0.4658188223838806,
            -0.02274652011692524,
            -257.3240051269531,
            0.04092523083090782,
            -0.02894785813987255,
            0.9987437725067139,
            -9.655665397644043,
            0.0,
            0.0,
            0.0,
            1.0
        ],
        "fitness_score": 8.064874774334367
    },
    "1720181345.100145": {
        "final_transformation": [
            0.5248190760612488,
            -0.8501532673835754,
            -0.04245872050523758,
            -34.47626876831055,
            0.8498950004577637,
            0.5261277556419373,
            -0.029391039162874222,
            -254.24403381347656,
            0.04732559248805046,
            -0.02066127024590969,
            0.9986655116081238,
            -9.655754089355469,
            0.0,
            0.0,
            0.0,
            1.0
        ],
        "fitness_score": 8.592886883728049
    },
    "1720181345.399895": {
        "final_transformation": [
            0.5628470182418823,
            -0.8253411054611206,
            -0.04491908475756645,
            -35.00678634643555,
            0.8252943158149719,
            0.564163327217102,
            -0.024748291820287704,
            -254.5714569091797,
            0.04576721414923668,
            -0.023142525926232338,
            0.9986854791641235,
            -9.615867614746094,
            0.0,
            0.0,
            0.0,
            1.0
        ],
        "fitness_score": 7.5774400316324275
    },
    "1720181345.700191": {
        "final_transformation": [
            0.6093811988830566,
            -0.7916883826255798,
            -0.0434296578168869,
            -35.801151275634766,
            0.7916077971458435,
            0.6105910539627075,
            -0.023171495646238327,
            -254.69613647460938,
            0.044862233102321625,
            -0.02025960385799408,
            0.9987901449203491,
            -9.702581405639648,
            0.0,
            0.0,
            0.0,
            1.0
        ],
        "fitness_score": 6.932551018837703
    },
    "1720181346.000152": {
        "final_transformation": [
            0.6550247669219971,
            -0.7538265585899353,
            -0.051888301968574524,
            -36.574161529541016,
            0.7536426782608032,
            0.6567267179489136,
            -0.02703225240111351,
            -254.19496154785156,
            0.05445392429828644,
            -0.021399129182100296,
            0.9982873201370239,
            -9.714292526245117,
            0.0,
            0.0,
            0.0,
            1.0
        ],
        "fitness_score": 6.64242502431556
    },
    "1720181346.300158": {
        "final_transformation": [
            0.6991965770721436,
            -0.7135165929794312,
            -0.044975534081459045,
            -36.69533920288086,
            0.7133255004882813,
            0.7004575729370117,
            -0.022956298664212227,
            -253.0728302001953,
            0.04788294434547424,
            -0.01603190042078495,
            0.9987252354621887,
            -9.704038619995117,
            0.0,
            0.0,
            0.0,
            1.0
        ],
        "fitness_score": 5.795885300989596
    },
    "1720181346.600121": {
        "final_transformation": [
            0.744037389755249,
            -0.6665390729904175,
            -0.04626483470201492,
            -40.06649398803711,
            0.6663505434989929,
            0.7453288435935974,
            -0.021606383845210075,
            -248.98619079589844,
            0.048883795738220215,
            -0.014753247611224651,
            0.9986996054649353,
            -9.871256828308105,
            0.0,
            0.0,
            0.0,
            1.0
        ],
        "fitness_score": 5.81025466186988
    },
    "1720181346.900059": {
        "final_transformation": [
            0.788095235824585,
            -0.613750159740448,
            -0.047113288193941116,
            -39.91204071044922,
            0.6138458847999573,
            0.7893019914627075,
            -0.014060762710869312,
            -249.43556213378906,
            0.04581616446375847,
            -0.0178397037088871,
            0.9987916350364685,
            -9.702559471130371,
            0.0,
            0.0,
            0.0,
            1.0
        ],
        "fitness_score": 4.731143048300752
    },
    "1720181347.200114": {
        "final_transformation": [
            0.8285542726516724,
            -0.5581682920455933,
            -0.04415298253297806,
            -40.05207824707031,
            0.5580412149429321,
            0.829654335975647,
            -0.016223888844251633,
            -248.36361694335938,
            0.04568720608949661,
            -0.011197412386536598,
            0.9988939166069031,
            -9.612898826599121,
            0.0,
            0.0,
            0.0,
            1.0
        ],
        "fitness_score": 4.302619702400721
    },
    "1720181347.500179": {
        "final_transformation": [
            0.866382896900177,
            -0.497358500957489,
            -0.04495028778910637,
            -40.30062484741211,
            0.49713414907455444,
            0.867512583732605,
            -0.01676362007856369,
            -246.97996520996094,
            0.04733225330710411,
            -0.00782329123467207,
            0.9988492727279663,
            -9.563462257385254,
            0.0,
            0.0,
            0.0,
            1.0
        ],
        "fitness_score": 4.088625172045992
    },
    "1720181347.799573": {
        "final_transformation": [
            0.9011795520782471,
            -0.43169790506362915,
            -0.03896486386656761,
            -40.51102066040039,
            0.4316827356815338,
            0.9019802212715149,
            -0.009120114147663116,
            -245.81100463867188,
            0.03908245638012886,
            -0.008602208457887173,
            0.9991999864578247,
            -9.507169723510742,
            0.0,
            0.0,
            0.0,
            1.0
        ],
        "fitness_score": 3.5967295655846314
    },
    "1720181348.100142": {
        "final_transformation": [
            0.9308669567108154,
            -0.36325603723526,
            -0.039212003350257874,
            -40.974464416503906,
            0.3633045256137848,
            0.9316519498825073,
            -0.006054619327187538,
            -244.5847930908203,
            0.03873113542795181,
            -0.008610483258962631,
            0.9992136359214783,
            -9.503338813781738,
            0.0,
            0.0,
            0.0,
            1.0
        ],
        "fitness_score": 3.425629416235824
    },
    "1720181348.700094": {
        "final_transformation": [
            0.9706185460090637,
            -0.2383417785167694,
            -0.0331319160759449,
            -41.23017501831055,
            0.23830048739910126,
            0.9711800217628479,
            -0.005195040255784988,
            -242.0233612060547,
            0.033415041863918304,
            -0.0028535127639770508,
            0.9994392395019531,
            -9.398656845092773,
            0.0,
            0.0,
            0.0,
            1.0
        ],
        "fitness_score": 3.061258922896578
    },
    "1720181349.300131": {
        "final_transformation": [
            0.9925776720046997,
            -0.1186988428235054,
            -0.02653377689421177,
            -41.63413619995117,
            0.11874620616436005,
            0.9929247498512268,
            0.00035538841621018946,
            -238.07247924804688,
            0.026303760707378387,
            -0.0035041430965065956,
            0.9996500015258789,
            -9.218024253845215,
            0.0,
            0.0,
            0.0,
            1.0
        ],
        "fitness_score": 2.8282269953857093
    },
    "1720181349.600041": {
        "final_transformation": [
            0.9968279004096985,
            -0.07535967975854874,
            -0.02565944194793701,
            -41.494510650634766,
            0.07544299215078354,
            0.9971490502357483,
            0.002374559175223112,
            -236.3805389404297,
            0.02540719136595726,
            -0.00430338503792882,
            0.9996700286865234,
            -9.174221992492676,
            0.0,
            0.0,
            0.0,
            1.0
        ],
        "fitness_score": 2.7150773378067456
    },
    "1720181350.200207": {
        "final_transformation": [
            0.99980229139328,
            0.002058154670521617,
            -0.019944852218031883,
            -41.3846321105957,
            -0.0019202356925234199,
            0.9999769926071167,
            0.007053275126963854,
            -233.4341278076172,
            0.01995876617729664,
            -0.007014093454927206,
            0.9997795224189758,
            -9.09389591217041,
            0.0,
            0.0,
            0.0,
            1.0
        ],
        "fitness_score": 2.1838332403512064
    }
}