{
    "1720517584.799192": {
        "final_transformation": [
            -0.042955461889505386,
            -0.9981619119644165,
            -0.042752671986818314,
            -17.310781478881836,
            0.9985740780830383,
            -0.04153731092810631,
            -0.03353465721011162,
            -261.9769592285156,
            0.03169701620936394,
            -0.04413282126188278,
            0.9985235929489136,
            -9.744582176208496,
            0.0,
            0.0,
            0.0,
            1.0
        ],
        "fitness_score": 4.644247568632717
    },
    "1720517585.100168": {
        "final_transformation": [
            -0.018209217116236687,
            -0.9985089898109436,
            -0.05147711560130119,
            -19.28141212463379,
            0.9991809129714966,
            -0.01631302945315838,
            -0.037020884454250336,
            -261.7523498535156,
            0.03612580895423889,
            -0.05210976302623749,
            0.99798983335495,
            -9.70588493347168,
            0.0,
            0.0,
            0.0,
            1.0
        ],
        "fitness_score": 5.273626536588713
    },
    "1720517585.400181": {
        "final_transformation": [
            0.014216454699635506,
            -0.9987199306488037,
            -0.04856488108634949,
            -20.79315185546875,
            0.999369204044342,
            0.015773752704262733,
            -0.03185102343559265,
            -261.324462890625,
            0.032576192170381546,
            -0.04808207228779793,
            0.9983140826225281,
            -9.699512481689453,
            0.0,
            0.0,
            0.0,
            1.0
        ],
        "fitness_score": 5.8061992777971545
    },
    "1720517585.699976": {
        "final_transformation": [
            0.045637212693691254,
            -0.9978219866752625,
            -0.04764962196350098,
            -22.430614471435547,
            0.9980504512786865,
            0.047576140612363815,
            -0.04039306938648224,
            -260.9628601074219,
            0.04257199540734291,
            -0.045714035630226135,
            0.9980490207672119,
            -9.656655311584473,
            0.0,
            0.0,
            0.0,
            1.0
        ],
        "fitness_score": 6.270326925335258
    },
    "1720517586.000108": {
        "final_transformation": [
            0.08547210693359375,
            -0.9955535531044006,
            -0.03966829553246498,
            -24.74220085144043,
            0.9955106377601624,
            0.08695937693119049,
            -0.03741706535220146,
            -260.5957336425781,
            0.040700025856494904,
            -0.036292728036642075,
            0.9985160827636719,
            -9.62950325012207,
            0.0,
            0.0,
            0.0,
            1.0
        ],
        "fitness_score": 6.645602058903723
    },
    "1720517586.594918": {
        "final_transformation": [
            0.19571176171302795,
            -0.9797286987304688,
            -0.042815666645765305,
            -32.26543045043945,
            0.97966468334198,
            0.19729430973529816,
            -0.03649694845080376,
            -260.9536437988281,
            0.0442042350769043,
            -0.03480274975299835,
            0.9984164834022522,
            -10.169748306274414,
            0.0,
            0.0,
            0.0,
            1.0
        ],
        "fitness_score": 7.232967545120293
    },
    "1720517588.100158": {
        "final_transformation": [
            0.4741688370704651,
            -0.8793852925300598,
            -0.043050456792116165,
            -38.95661544799805,
            0.8791730403900146,
            0.47553977370262146,
            -0.030313001945614815,
            -255.7563018798828,
            0.04712877795100212,
            -0.023475943133234978,
            0.9986140727996826,
            -9.927679061889648,
            0.0,
            0.0,
            0.0,
            1.0
        ],
        "fitness_score": 6.802639650099868
    },
    "1720517588.699254": {
        "final_transformation": [
            0.5832839012145996,
            -0.8107905983924866,
            -0.0490417554974556,
            -39.24799346923828,
            0.8106990456581116,
            0.5848467350006104,
            -0.02688719518482685,
            -254.82708740234375,
            0.050481636077165604,
            -0.024075856432318687,
            0.9984368085861206,
            -9.750761985778809,
            0.0,
            0.0,
            0.0,
            1.0
        ],
        "fitness_score": 5.204224038453104
    },
    "1720517589.300148": {
        "final_transformation": [
            0.6907663941383362,
            -0.7213199734687805,
            -0.05040862038731575,
            -39.87979507446289,
            0.7213348150253296,
            0.6922593116760254,
            -0.02113928645849228,
            -253.2569580078125,
            0.050143878906965256,
            -0.021759917959570885,
            0.9985048770904541,
            -9.728266716003418,
            0.0,
            0.0,
            0.0,
            1.0
        ],
        "fitness_score": 4.249618792823815
    },
    "1720517589.900031": {
        "final_transformation": [
            0.7815706133842468,
            -0.6218146085739136,
            -0.04998389258980751,
            -40.46094512939453,
            0.6216925382614136,
            0.7830110788345337,
            -0.019787907600402832,
            -251.4000244140625,
            0.05144216865301132,
            -0.015609622932970524,
            0.9985549449920654,
            -9.614601135253906,
            0.0,
            0.0,
            0.0,
            1.0
        ],
        "fitness_score": 4.063782219170951
    },
    "1720517590.200047": {
        "final_transformation": [
            0.8212404847145081,
            -0.5688261985778809,
            -0.04476324841380119,
            -40.93477249145508,
            0.5684757828712463,
            0.822421133518219,
            -0.021384846419095993,
            -250.00840759277344,
            0.04897831752896309,
            -0.007885394617915154,
            0.9987688660621643,
            -9.543696403503418,
            0.0,
            0.0,
            0.0,
            1.0
        ],
        "fitness_score": 4.467103015463119
    },
    "1720517590.499314": {
        "final_transformation": [
            0.8461763262748718,
            -0.5314717888832092,
            -0.03906923905014992,
            -41.56476593017578,
            0.5311935544013977,
            0.847058892250061,
            -0.01795838586986065,
            -248.0748748779297,
            0.04263819754123688,
            -0.005558073986321688,
            0.9990754723548889,
            -9.45919132232666,
            0.0,
            0.0,
            0.0,
            1.0
        ],
        "fitness_score": 4.301816496909428
    },
    "1720517590.798155": {
        "final_transformation": [
            0.8878589868545532,
            -0.45839452743530273,
            -0.03979343920946121,
            -41.96742630004883,
            0.45818856358528137,
            0.8887349963188171,
            -0.014655045233666897,
            -247.15834045410156,
            0.04208346828818321,
            -0.005221908912062645,
            0.9991021752357483,
            -9.464615821838379,
            0.0,
            0.0,
            0.0,
            1.0
        ],
        "fitness_score": 3.910734304621156
    },
    "1720517591.100117": {
        "final_transformation": [
            0.9070802330970764,
            -0.41964608430862427,
            -0.033277444541454315,
            -42.39826583862305,
            0.4196041524410248,
            0.90766841173172,
            -0.008486448787152767,
            -246.69631958007813,
            0.03376604989171028,
            -0.006266044452786446,
            0.9994107484817505,
            -9.491082191467285,
            0.0,
            0.0,
            0.0,
            1.0
        ],
        "fitness_score": 3.662432040062947
    },
    "1720517591.400006": {
        "final_transformation": [
            0.9340774416923523,
            -0.35595616698265076,
            -0.028286825865507126,
            -42.67170333862305,
            0.35606849193573,
            0.9344609975814819,
            -0.0010615669889375567,
            -245.6790771484375,
            0.0268106572329998,
            -0.00908099114894867,
            0.9996011853218079,
            -9.473206520080566,
            0.0,
            0.0,
            0.0,
            1.0
        ],
        "fitness_score": 3.186813092583278
    },
    "1720517591.699098": {
        "final_transformation": [
            0.9438819289207458,
            -0.32899272441864014,
            -0.029272370040416718,
            -42.595115661621094,
            0.329079806804657,
            0.9443020820617676,
            -0.0018604418728500605,
            -245.0620880126953,
            0.028253868222236633,
            -0.007877428084611893,
            0.9995724558830261,
            -9.454629898071289,
            0.0,
            0.0,
            0.0,
            1.0
        ],
        "fitness_score": 3.1399925110956084
    },
    "1720517591.999066": {
        "final_transformation": [
            0.9556924104690552,
            -0.29330548644065857,
            -0.025040805339813232,
            -42.4324951171875,
            0.2934235632419586,
            0.9559834599494934,
            0.0011737083550542593,
            -244.24392700195313,
            0.023594241589307785,
            -0.008469848893582821,
            0.9996886253356934,
            -9.40335750579834,
            0.0,
            0.0,
            0.0,
            1.0
        ],
        "fitness_score": 2.978358347041236
    },
    "1720517592.299972": {
        "final_transformation": [
            0.964531421661377,
            -0.26263290643692017,
            -0.0266158077865839,
            -42.507022857666016,
            0.26272591948509216,
            0.9648727774620056,
            8.855154737830162e-05,
            -243.395263671875,
            0.02565746381878853,
            -0.007078612223267555,
            0.9996477961540222,
            -9.345466613769531,
            0.0,
            0.0,
            0.0,
            1.0
        ],
        "fitness_score": 3.006459053418837
    },
    "1720517592.600085": {
        "final_transformation": [
            0.9740142226219177,
            -0.22516964375972748,
            -0.02450115606188774,
            -42.6205940246582,
            0.2252698689699173,
            0.9742964506149292,
            0.0015156457666307688,
            -242.41494750976563,
            0.02352999337017536,
            -0.006996204145252705,
            0.9997007250785828,
            -9.282108306884766,
            0.0,
            0.0,
            0.0,
            1.0
        ],
        "fitness_score": 2.875832649300478
    },
    "1720517592.900116": {
        "final_transformation": [
            0.9788499474525452,
            -0.203063502907753,
            -0.024906104430556297,
            -42.510475158691406,
            0.20320366322994232,
            0.9791316986083984,
            0.003324585733935237,
            -242.04525756835938,
            0.023711128160357475,
            -0.008315857499837875,
            0.9996856451034546,
            -9.287994384765625,
            0.0,
            0.0,
            0.0,
            1.0
        ],
        "fitness_score": 2.818671721407642
    },
    "1720517593.199600": {
        "final_transformation": [
            0.9832814931869507,
            -0.18069492280483246,
            -0.022646991536021233,
            -42.54961013793945,
            0.18082691729068756,
            0.9835070371627808,
            0.004111684858798981,
            -241.97181701660156,
            0.02153044566512108,
            -0.008138694800436497,
            0.9997367262840271,
            -9.309836387634277,
            0.0,
            0.0,
            0.0,
            1.0
        ],
        "fitness_score": 2.8594819676069223
    },
    "1720517593.795167": {
        "final_transformation": [
            0.9884651899337769,
            -0.1502348929643631,
            -0.01919444650411606,
            -42.67567443847656,
            0.15036770701408386,
            0.9886134266853333,
            0.005781747400760651,
            -241.8159637451172,
            0.01810719072818756,
            -0.008601800538599491,
            0.9998005032539368,
            -9.331734657287598,
            0.0,
            0.0,
            0.0,
            1.0
        ],
        "fitness_score": 2.7148400196746216
    },
    "1720517594.099178": {
        "final_transformation": [
            0.9896993041038513,
            -0.14186812937259674,
            -0.019338874146342278,
            -42.56565475463867,
            0.14197386801242828,
            0.9898622035980225,
            0.004348953254520893,
            -241.56118774414063,
            0.018525738269090652,
            -0.007050263695418835,
            0.9998055100440979,
            -9.318381309509277,
            0.0,
            0.0,
            0.0,
            1.0
        ],
        "fitness_score": 2.7359591791872204
    },
    "1720517594.400150": {
        "final_transformation": [
            0.9908199310302734,
            -0.13385158777236938,
            -0.01906317099928856,
            -42.63145446777344,
            0.13397593796253204,
            0.9909706711769104,
            0.005485401023179293,
            -241.151611328125,
            0.01815670356154442,
            -0.007989565841853619,
            0.9998053312301636,
            -9.30366325378418,
            0.0,
            0.0,
            0.0,
            1.0
        ],
        "fitness_score": 2.780030857145782
    },
    "1720517595.599193": {
        "final_transformation": [
            0.9930587410926819,
            -0.11613447964191437,
            -0.01872626692056656,
            -42.61500930786133,
            0.11621330678462982,
            0.9932197332382202,
            0.003315175883471966,
            -240.41265869140625,
            0.018214182928204536,
            -0.005468921270221472,
            0.9998204112052917,
            -9.282129287719727,
            0.0,
            0.0,
            0.0,
            1.0
        ],
        "fitness_score": 2.4290625846886944
    },
    "1720517595.900179": {
        "final_transformation": [
            0.9933387041091919,
            -0.11377277970314026,
            -0.018358897417783737,
            -42.59817123413086,
            0.11385884881019592,
            0.9934908747673035,
            0.0038669102359563112,
            -240.53439331054688,
            0.01779933087527752,
            -0.0059320321306586266,
            0.9998250603675842,
            -9.292734146118164,
            0.0,
            0.0,
            0.0,
            1.0
        ],
        "fitness_score": 2.4252962498796298
    },
    "1720517596.200221": {
        "final_transformation": [
            0.9939773082733154,
            -0.10812181979417801,
            -0.017955271527171135,
            -42.77219772338867,
            0.10818135738372803,
            0.9941296577453613,
            0.0025006181094795465,
            -240.7271728515625,
            0.017579365521669388,
            -0.00442850636318326,
            0.9998369216918945,
            -9.303359031677246,
            0.0,
            0.0,
            0.0,
            1.0
        ],
        "fitness_score": 2.4569866748252727
    },
    "1720517596.499164": {
        "final_transformation": [
            0.9943864941596985,
            -0.10430606454610825,
            -0.01786012016236782,
            -42.841407775878906,
            0.10437105596065521,
            0.9945346713066101,
            0.0029164738953113556,
            -240.72152709960938,
            0.017458204180002213,
            -0.0047647301107645035,
            0.9998373985290527,
            -9.307731628417969,
            0.0,
            0.0,
            0.0,
            1.0
        ],
        "fitness_score": 2.4240477927288304
    },
    "1720517597.100094": {
        "final_transformation": [
            0.9952316880226135,
            -0.09582749009132385,
            -0.01828855462372303,
            -42.7887077331543,
            0.09591451287269592,
            0.995381772518158,
            0.004080051556229591,
            -240.47384643554688,
            0.017813032492995262,
            -0.005815282929688692,
            0.9998250603675842,
            -9.278648376464844,
            0.0,
            0.0,
            0.0,
            1.0
        ],
        "fitness_score": 2.1891324436393074
    },
    "1720517597.389855": {
        "final_transformation": [
            0.995625913143158,
            -0.09148870408535004,
            -0.019042016938328743,
            -42.69499969482422,
            0.09156180918216705,
            0.9957964420318604,
            0.0030847955495119095,
            -240.2056884765625,
            0.018679628148674965,
            -0.004815312568098307,
            0.9998139142990112,
            -9.259841918945313,
            0.0,
            0.0,
            0.0,
            1.0
        ],
        "fitness_score": 2.143458435193481
    },
    "1720517597.699120": {
        "final_transformation": [
            0.9959324598312378,
            -0.08805584907531738,
            -0.019237207248806953,
            -42.63152313232422,
            0.08814020454883575,
            0.9961023926734924,
            0.0037422210443764925,
            -239.9823760986328,
            0.018832579255104065,
            -0.0054231188260018826,
            0.999809205532074,
            -9.249428749084473,
            0.0,
            0.0,
            0.0,
            1.0
        ],
        "fitness_score": 2.1360834022027504
    },
    "1720517598.000000": {
        "final_transformation": [
            0.9964194893836975,
            -0.08231375366449356,
            -0.019475538283586502,
            -42.54754638671875,
            0.08239056169986725,
            0.9965962171554565,
            0.0033313208259642124,
            -239.7803955078125,
            0.019134920090436935,
            -0.004924492444843054,
            0.9998064041137695,
            -9.237458229064941,
            0.0,
            0.0,
            0.0,
            1.0
        ],
        "fitness_score": 2.127285056791586
    },
    "1720517598.299451": {
        "final_transformation": [
            0.9968264698982239,
            -0.07713732868432999,
            -0.019762370735406876,
            -42.47531509399414,
            0.07720672339200974,
            0.9970113635063171,
            0.0029555782675743103,
            -239.60057067871094,
            0.019475221633911133,
            -0.004472513683140278,
            0.9998008012771606,
            -9.233482360839844,
            0.0,
            0.0,
            0.0,
            1.0
        ],
        "fitness_score": 2.1955883392223234
    },
    "1720517598.600117": {
        "final_transformation": [
            0.9973040819168091,
            -0.07076092809438705,
            -0.019507570192217827,
            -42.496826171875,
            0.07082425802946091,
            0.9974848628044128,
            0.002754681743681431,
            -239.4558563232422,
            0.01926352269947529,
            -0.004129406064748764,
            0.9998067021369934,
            -9.232422828674316,
            0.0,
            0.0,
            0.0,
            1.0
        ],
        "fitness_score": 2.3140113570764327
    },
    "1720517598.896757": {
        "final_transformation": [
            0.9978647232055664,
            -0.06272466480731964,
            -0.01840001717209816,
            -42.70038986206055,
            0.06279831379652023,
            0.9980222582817078,
            0.0036138955038040876,
            -239.47747802734375,
            0.0181367676705122,
            -0.004762217402458191,
            0.9998260736465454,
            -9.252632141113281,
            0.0,
            0.0,
            0.0,
            1.0
        ],
        "fitness_score": 2.3629825735711587
    },
    "1720517599.200117": {
        "final_transformation": [
            0.9982050061225891,
            -0.05726179853081703,
            -0.017812682315707207,
            -42.81979751586914,
            0.057332925498485565,
            0.9983519315719604,
            0.003665777388960123,
            -239.49652099609375,
            0.01757325604557991,
            -0.004680916666984558,
            0.999835729598999,
            -9.261154174804688,
            0.0,
            0.0,
            0.0,
            1.0
        ],
        "fitness_score": 2.3187170999818365
    },
    "1720517599.499175": {
        "final_transformation": [
            0.9985002875328064,
            -0.05168435722589493,
            -0.018161552026867867,
            -42.769222259521484,
            0.05175769329071045,
            0.9986547827720642,
            0.003716662060469389,
            -239.4079132080078,
            0.017944907769560814,
            -0.004651595372706652,
            0.9998292922973633,
            -9.252280235290527,
            0.0,
            0.0,
            0.0,
            1.0
        ],
        "fitness_score": 2.2118186154385597
    },
    "1720517599.798275": {
        "final_transformation": [
            0.9986557960510254,
            -0.04854241758584976,
            -0.01826951839029789,
            -42.72139358520508,
            0.04860776290297508,
            0.9988126754760742,
            0.003347872756421566,
            -239.2794647216797,
            0.018085218966007233,
            -0.004231922794133425,
            0.9998277425765991,
            -9.24364185333252,
            0.0,
            0.0,
            0.0,
            1.0
        ],
        "fitness_score": 2.1543462207591775
    },
    "1720517600.100069": {
        "final_transformation": [
            0.9988146424293518,
            -0.04523533955216408,
            -0.018114080652594566,
            -42.71831512451172,
            0.045311182737350464,
            0.9989668726921082,
            0.003943271469324827,
            -239.13519287109375,
            0.017916854470968246,
            -0.004759889096021652,
            0.9998297691345215,
            -9.229970932006836,
            0.0,
            0.0,
            0.0,
            1.0
        ],
        "fitness_score": 2.141029155374994
    },
    "1720517600.400095": {
        "final_transformation": [
            0.9989100694656372,
            -0.04275331646203995,
            -0.018844682723283768,
            -42.662471771240234,
            0.04284041374921799,
            0.9990743398666382,
            0.004362515639513731,
            -238.85714721679688,
            0.018640583381056786,
            -0.005165576934814453,
            0.9998136162757874,
            -9.202413558959961,
            0.0,
            0.0,
            0.0,
            1.0
        ],
        "fitness_score": 2.0828383523671428
    },
    "1720517600.700086": {
        "final_transformation": [
            0.9989873766899109,
            -0.04072748124599457,
            -0.019220085814595222,
            -42.59339141845703,
            0.04081336036324501,
            0.9991598129272461,
            0.004213176667690277,
            -238.8130340576172,
            0.0190321896225214,
            -0.004993876442313194,
            0.9998075366020203,
            -9.193461418151855,
            0.0,
            0.0,
            0.0,
            1.0
        ],
        "fitness_score": 2.0511233442211307
    },
    "1720517600.999149": {
        "final_transformation": [
            0.9990641474723816,
            -0.03870540112257004,
            -0.01947239600121975,
            -42.566776275634766,
            0.038780007511377335,
            0.999243438243866,
            0.003611250314861536,
            -238.91944885253906,
            0.019317733123898506,
            -0.0043635242618620396,
            0.9998047947883606,
            -9.208269119262695,
            0.0,
            0.0,
            0.0,
            1.0
        ],
        "fitness_score": 2.066269331726119
    },
    "1720517601.300096": {
        "final_transformation": [
            0.9991539716720581,
            -0.03626738488674164,
            -0.019491679966449738,
            -42.58954620361328,
            0.036332860589027405,
            0.9993363618850708,
            0.0031171110458672047,
            -239.00718688964844,
            0.01936561055481434,
            -0.0038231792859733105,
            0.9998052716255188,
            -9.223958015441895,
            0.0,
            0.0,
            0.0,
            1.0
        ],
        "fitness_score": 2.1406382163916016
    },
    "1720517601.600125": {
        "final_transformation": [
            0.9992123246192932,
            -0.034072041511535645,
            -0.02045649103820324,
            -42.506500244140625,
            0.0341418981552124,
            0.9994131922721863,
            0.0032048257999122143,
            -238.89283752441406,
            0.020335160195827484,
            -0.003901270218193531,
            0.9997863173484802,
            -9.219552993774414,
            0.0,
            0.0,
            0.0,
            1.0
        ],
        "fitness_score": 2.2468230859585776
    },
    "1720517602.000054": {
        "final_transformation": [
            0.9992796182632446,
            -0.03188303858041763,
            -0.020768238231539726,
            -42.451480865478516,
            0.03194141387939453,
            0.9994886517524719,
            0.0026491249445825815,
            -238.75559997558594,
            0.020673003047704697,
            -0.0033110918011516333,
            0.9997823238372803,
            -9.224357604980469,
            0.0,
            0.0,
            0.0,
            1.0
        ],
        "fitness_score": 2.3689225629331903
    },
    "1720517602.300064": {
        "final_transformation": [
            0.9993788003921509,
            -0.02892654575407505,
            -0.02030099928379059,
            -42.55226516723633,
            0.028986485674977303,
            0.9995782375335693,
            0.0027972543612122536,
            -238.40150451660156,
            0.020211372524499893,
            -0.00338448747061193,
            0.9997913241386414,
            -9.216497421264648,
            0.0,
            0.0,
            0.0,
            1.0
        ],
        "fitness_score": 2.404617229619795
    },
    "1720517602.597928": {
        "final_transformation": [
            0.999481737613678,
            -0.025281967595219612,
            -0.020018720999360085,
            -42.713165283203125,
            0.025335954502224922,
            0.9996774792671204,
            0.002567906631156802,
            -238.11154174804688,
            0.019947199150919914,
            -0.0030742778908461332,
            0.9997965693473816,
            -9.20755672454834,
            0.0,
            0.0,
            0.0,
            1.0
        ],
        "fitness_score": 2.2834539708731976
    },
    "1720517602.900125": {
        "final_transformation": [
            0.9995341300964355,
            -0.023552870377898216,
            -0.019572945311665535,
            -42.686981201171875,
            0.023611340671777725,
            0.999718189239502,
            0.002907742979004979,
            -238.08963012695313,
            0.01949881576001644,
            -0.003369062440469861,
            0.9998060464859009,
            -9.208878517150879,
            0.0,
            0.0,
            0.0,
            1.0
        ],
        "fitness_score": 2.1957596893010916
    },
    "1720517603.200129": {
        "final_transformation": [
            0.999600350856781,
            -0.021014977246522903,
            -0.019025105983018875,
            -42.65081787109375,
            0.02107858471572399,
            0.9997738003730774,
            0.00329051585868001,
            -238.10177612304688,
            0.018951520323753357,
            -0.003690787125378847,
            0.9998143911361694,
            -9.215877532958984,
            0.0,
            0.0,
            0.0,
            1.0
        ],
        "fitness_score": 2.031659053904377
    },
    "1720517603.500143": {
        "final_transformation": [
            0.9996099472045898,
            -0.020058250054717064,
            -0.019510257989168167,
            -42.617645263671875,
            0.020101889967918396,
            0.9997953176498413,
            0.0022274390794336796,
            -238.12954711914063,
            0.019461480900645256,
            -0.002619332866743207,
            0.9998080730438232,
            -9.221331596374512,
            0.0,
            0.0,
            0.0,
            1.0
        ],
        "fitness_score": 2.0236763290411535
    },
    "1720517603.799082": {
        "final_transformation": [
            0.9996529221534729,
            -0.01737391948699951,
            -0.019962280988693237,
            -42.544979095458984,
            0.01743658073246479,
            0.9998458027839661,
            0.0030671777203679085,
            -238.03797912597656,
            0.019905731081962585,
            -0.003414689563214779,
            0.9997972249984741,
            -9.209819793701172,
            0.0,
            0.0,
            0.0,
            1.0
        ],
        "fitness_score": 1.925845853786093
    },
    "1720517604.094137": {
        "final_transformation": [
            0.9996950030326843,
            -0.015912583097815514,
            -0.018926549702882767,
            -42.55830764770508,
            0.01596941240131855,
            0.9998689889907837,
            0.0029470380395650864,
            -237.8380584716797,
            0.018877074122428894,
            -0.0032489397563040257,
            0.9998176693916321,
            -9.195291519165039,
            0.0,
            0.0,
            0.0,
            1.0
        ],
        "fitness_score": 1.9703387619068606
    },
    "1720517604.399146": {
        "final_transformation": [
            0.9997388124465942,
            -0.013722984120249748,
            -0.01832212507724762,
            -42.56409454345703,
            0.013769404962658882,
            0.999902606010437,
            0.0025447471998631954,
            -237.6800994873047,
            0.0182853601872921,
            -0.002796913729980588,
            0.9998306035995483,
            -9.189364433288574,
            0.0,
            0.0,
            0.0,
            1.0
        ],
        "fitness_score": 2.01170748944726
    },
    "1720517604.700051": {
        "final_transformation": [
            0.9997556209564209,
            -0.012618554756045341,
            -0.01815737970173359,
            -42.54600143432617,
            0.012663244269788265,
            0.9999176859855652,
            0.0024376590736210346,
            -237.5489501953125,
            0.018125033006072044,
            -0.00266750855371356,
            0.9998330473899841,
            -9.184636116027832,
            0.0,
            0.0,
            0.0,
            1.0
        ],
        "fitness_score": 1.9586129842443591
    },
    "1720517605.000061": {
        "final_transformation": [
            0.999774158000946,
            -0.010297323577105999,
            -0.018661633133888245,
            -42.5465202331543,
            0.010347793810069561,
            0.9999445080757141,
            0.0027088476344943047,
            -237.4224090576172,
            0.01863257959485054,
            -0.0029019026551395655,
            0.9998244047164917,
            -9.179417610168457,
            0.0,
            0.0,
            0.0,
            1.0
        ],
        "fitness_score": 1.9815548669524956
    },
    "1720517605.600150": {
        "final_transformation": [
            0.9998582005500793,
            -0.007796090096235275,
            -0.015071313828229904,
            -42.46683883666992,
            0.00781308114528656,
            0.9999717473983765,
            0.0011458118679001927,
            -237.19775390625,
            0.015061802230775356,
            -0.00126392743550241,
            0.9998881816864014,
            -9.158638000488281,
            0.0,
            0.0,
            0.0,
            1.0
        ],
        "fitness_score": 2.0884146919427815
    },
    "1720517605.898838": {
        "final_transformation": [
            0.9998617172241211,
            -0.007750998251140118,
            -0.014679305255413055,
            -42.45341873168945,
            0.007765302900224924,
            0.9999693036079407,
            0.0010385994100943208,
            -237.05667114257813,
            0.014670711942017078,
            -0.001152995740994811,
            0.9998931884765625,
            -9.157238006591797,
            0.0,
            0.0,
            0.0,
            1.0
        ],
        "fitness_score": 2.1012287643513416
    },
    "1720517606.200150": {
        "final_transformation": [
            0.9998800754547119,
            -0.006892799399793148,
            -0.013988712802529335,
            -42.39424514770508,
            0.0069144107401371,
            0.9999757409095764,
            0.00165363063570112,
            -236.81661987304688,
            0.013976874761283398,
            -0.0017507050652056932,
            0.9999036192893982,
            -9.145811080932617,
            0.0,
            0.0,
            0.0,
            1.0
        ],
        "fitness_score": 2.100255284721065
    },
    "1720517606.500062": {
        "final_transformation": [
            0.9998778104782104,
            -0.006416031159460545,
            -0.014389442279934883,
            -42.392555236816406,
            0.006434755865484476,
            0.9999794960021973,
            0.0014292588457465172,
            -236.62734985351563,
            0.014379878528416157,
            -0.001522259321063757,
            0.9998975396156311,
            -9.136774063110352,
            0.0,
            0.0,
            0.0,
            1.0
        ],
        "fitness_score": 2.1338452630054823
    },
    "1720517606.800014": {
        "final_transformation": [
            0.9999037384986877,
            -0.005022404715418816,
            -0.013035914860665798,
            -42.39178466796875,
            0.005040425807237625,
            0.9999881386756897,
            0.0015596365556120872,
            -236.4030303955078,
            0.013027835637331009,
            -0.001625723671168089,
            0.9999169111251831,
            -9.13037109375,
            0.0,
            0.0,
            0.0,
            1.0
        ],
        "fitness_score": 2.1279182445782405
    },
    "1720517607.099155": {
        "final_transformation": [
            0.9999074339866638,
            -0.003970813937485218,
            -0.013117433525621891,
            -42.36186599731445,
            0.003995692357420921,
            0.9999911189079285,
            0.002076900564134121,
            -236.0649871826172,
            0.013108959421515465,
            -0.002129653003066778,
            0.9999136924743652,
            -9.123955726623535,
            0.0,
            0.0,
            0.0,
            1.0
        ],
        "fitness_score": 2.0776639232222873
    },
    "1720517607.400074": {
        "final_transformation": [
            0.9999018311500549,
            -0.00235301093198359,
            -0.013907103799283504,
            -42.31048583984375,
            0.0023957574740052223,
            0.9999940395355225,
            0.003222957020625472,
            -235.69387817382813,
            0.01389932632446289,
            -0.0032564946450293064,
            0.9999004006385803,
            -9.114580154418945,
            0.0,
            0.0,
            0.0,
            1.0
        ],
        "fitness_score": 2.005466343027546
    },
    "1720517607.700058": {
        "final_transformation": [
            0.9999211430549622,
            0.0006385525339283049,
            -0.012838860042393208,
            -42.27632522583008,
            -0.0006025659386068583,
            1.0,
            0.0030159184243530035,
            -235.30081176757813,
            0.012840655632317066,
            -0.0030084108002483845,
            0.9999147653579712,
            -9.10675048828125,
            0.0,
            0.0,
            0.0,
            1.0
        ],
        "fitness_score": 1.9878588206941346
    },
    "1720517608.000117": {
        "final_transformation": [
            0.9999086260795593,
            0.006206662394106388,
            -0.012309863232076168,
            -42.28407669067383,
            -0.0061750225722789764,
            0.9999809265136719,
            0.0028852205723524094,
            -234.99609375,
            0.012327398173511028,
            -0.002809436060488224,
            0.9999228119850159,
            -9.099488258361816,
            0.0,
            0.0,
            0.0,
            1.0
        ],
        "fitness_score": 1.9138375808744277
    },
    "1720517608.300069": {
        "final_transformation": [
            0.9998522996902466,
            0.011734584346413612,
            -0.012716324999928474,
            -42.24406433105469,
            -0.011720867827534676,
            0.9999326467514038,
            0.0013986127451062202,
            -234.5985107421875,
            0.012731775641441345,
            -0.0012498926371335983,
            0.999920666217804,
            -9.076028823852539,
            0.0,
            0.0,
            0.0,
            1.0
        ],
        "fitness_score": 1.985813300327121
    }
}