{
    "1720267126.698551": {
        "final_transformation": [
            0.6413805484771729,
            -0.7657473087310791,
            -0.04757894203066826,
            -35.51395797729492,
            0.7657772898674011,
            0.6427444815635681,
            -0.021532082930207253,
            -254.70510864257813,
            0.047069162130355835,
            -0.022625306621193886,
            0.9986347556114197,
            -9.62480354309082,
            0.0,
            0.0,
            0.0,
            1.0
        ],
        "fitness_score": 6.388611726816402
    },
    "1720267127.000216": {
        "final_transformation": [
            0.70328688621521,
            -0.7093932628631592,
            -0.04642053321003914,
            -37.82421112060547,
            0.7092067003250122,
            0.7046204209327698,
            -0.023181412369012833,
            -252.75070190429688,
            0.04915343225002289,
            -0.01661919802427292,
            0.9986562132835388,
            -9.637069702148438,
            0.0,
            0.0,
            0.0,
            1.0
        ],
        "fitness_score": 5.746203634547093
    },
    "1720267127.300123": {
        "final_transformation": [
            0.7515967488288879,
            -0.6583207249641418,
            -0.04150832071900368,
            -37.54164505004883,
            0.6582411527633667,
            0.7526071071624756,
            -0.017414992675185204,
            -251.77455139160156,
            0.04270385578274727,
            -0.014234042726457119,
            0.9989873766899109,
            -9.609634399414063,
            0.0,
            0.0,
            0.0,
            1.0
        ],
        "fitness_score": 4.990758088196393
    },
    "1720267127.600054": {
        "final_transformation": [
            0.795478880405426,
            -0.6044625639915466,
            -0.04292720556259155,
            -37.75999069213867,
            0.6045033931732178,
            0.7964901924133301,
            -0.013444706797599792,
            -250.8343048095703,
            0.04231778159737587,
            -0.01525525189936161,
            0.9989891648292542,
            -9.615697860717773,
            0.0,
            0.0,
            0.0,
            1.0
        ],
        "fitness_score": 4.790503174935933
    },
    "1720267127.900157": {
        "final_transformation": [
            0.8356854915618896,
            -0.5476532578468323,
            -0.041345786303281784,
            -37.94904327392578,
            0.5477426052093506,
            0.836586594581604,
            -0.010104099288582802,
            -250.16043090820313,
            0.040122777223587036,
            -0.01420360803604126,
            0.9990962743759155,
            -9.56364917755127,
            0.0,
            0.0,
            0.0,
            1.0
        ],
        "fitness_score": 4.564956087117506
    },
    "1720267128.198747": {
        "final_transformation": [
            0.867470383644104,
            -0.4966546595096588,
            -0.02884378656744957,
            -38.23543930053711,
            0.49674296379089355,
            0.8678865432739258,
            -0.004441338591277599,
            -249.31715393066406,
            0.02723883092403412,
            -0.010475787334144115,
            0.9995751976966858,
            -9.548857688903809,
            0.0,
            0.0,
            0.0,
            1.0
        ],
        "fitness_score": 4.391540195356939
    },
    "1720267128.500090": {
        "final_transformation": [
            0.8937512636184692,
            -0.44785791635513306,
            -0.025238197296857834,
            -39.10149002075195,
            0.4478752911090851,
            0.8940815925598145,
            -0.005093685816973448,
            -248.27590942382813,
            0.024846121668815613,
            -0.006751621142029762,
            0.9996682405471802,
            -9.562654495239258,
            0.0,
            0.0,
            0.0,
            1.0
        ],
        "fitness_score": 4.358298664544573
    },
    "1720267128.799908": {
        "final_transformation": [
            0.9127928018569946,
            -0.40743881464004517,
            -0.028438786044716835,
            -39.42897415161133,
            0.4074671268463135,
            0.9132073521614075,
            -0.004879327490925789,
            -246.6263427734375,
            0.02795838564634323,
            -0.007134635001420975,
            0.9995843768119812,
            -9.485081672668457,
            0.0,
            0.0,
            0.0,
            1.0
        ],
        "fitness_score": 4.378731536202782
    },
    "1720267129.099620": {
        "final_transformation": [
            0.9302161931991577,
            -0.3664485514163971,
            -0.020462697371840477,
            -40.35085678100586,
            0.3664739429950714,
            0.930426836013794,
            -0.0025633315090090036,
            -244.76593017578125,
            0.01997823640704155,
            -0.005115138832479715,
            0.9997893571853638,
            -9.42854118347168,
            0.0,
            0.0,
            0.0,
            1.0
        ],
        "fitness_score": 3.7225054618195017
    },
    "1720267129.398576": {
        "final_transformation": [
            0.9419341087341309,
            -0.33526718616485596,
            -0.019038276746869087,
            -40.341712951660156,
            0.3352756202220917,
            0.9421178698539734,
            -0.0026528642047196627,
            -243.8580322265625,
            0.01882557012140751,
            -0.0038847618270665407,
            0.9998177886009216,
            -9.388920783996582,
            0.0,
            0.0,
            0.0,
            1.0
        ],
        "fitness_score": 3.28718630929904
    },
    "1720267129.700160": {
        "final_transformation": [
            0.9522505402565002,
            -0.30483654141426086,
            -0.01732146367430687,
            -40.20713806152344,
            0.3048396110534668,
            0.9524029493331909,
            -0.002391030779108405,
            -243.18722534179688,
            0.017225755378603935,
            -0.003003935795277357,
            0.9998495578765869,
            -9.358855247497559,
            0.0,
            0.0,
            0.0,
            1.0
        ],
        "fitness_score": 2.9474209380736367
    },
    "1720267129.999582": {
        "final_transformation": [
            0.9606466293334961,
            -0.27698275446891785,
            -0.02105567418038845,
            -40.19247817993164,
            0.2769927680492401,
            0.9608704447746277,
            -0.0023809971753507853,
            -242.64210510253906,
            0.020891131833195686,
            -0.0035455399192869663,
            0.9997783303260803,
            -9.284436225891113,
            0.0,
            0.0,
            0.0,
            1.0
        ],
        "fitness_score": 2.668167317910979
    },
    "1720267130.300189": {
        "final_transformation": [
            0.9675267934799194,
            -0.25189509987831116,
            -0.021072283387184143,
            -40.22156524658203,
            0.2519378364086151,
            0.9677451252937317,
            -0.0006217609043233097,
            -242.11778259277344,
            0.02054906263947487,
            -0.0047078812494874,
            0.999782145023346,
            -9.255902290344238,
            0.0,
            0.0,
            0.0,
            1.0
        ],
        "fitness_score": 2.455671842036392
    },
    "1720267130.599565": {
        "final_transformation": [
            0.9733786582946777,
            -0.22804640233516693,
            -0.02306063286960125,
            -40.19955062866211,
            0.2280978411436081,
            0.9736395478248596,
            -0.0003205470566172153,
            -241.48593139648438,
            0.02252570167183876,
            -0.0049486542120575905,
            0.9997362494468689,
            -9.231527328491211,
            0.0,
            0.0,
            0.0,
            1.0
        ],
        "fitness_score": 2.388015707800787
    },
    "1720267130.900126": {
        "final_transformation": [
            0.9783089756965637,
            -0.20611436665058136,
            -0.02082507684826851,
            -40.15565872192383,
            0.20615698397159576,
            0.9785204529762268,
            2.9700260711251758e-05,
            -240.8415069580078,
            0.020371494814753532,
            -0.004322870168834925,
            0.9997856616973877,
            -9.225250244140625,
            0.0,
            0.0,
            0.0,
            1.0
        ],
        "fitness_score": 2.4417864695314035
    },
    "1720267131.200058": {
        "final_transformation": [
            0.9820457696914673,
            -0.18751484155654907,
            -0.020728953182697296,
            -40.17252731323242,
            0.18756280839443207,
            0.9822537302970886,
            0.0005570712382905185,
            -240.33773803710938,
            0.020256495103240013,
            -0.004435614217072725,
            0.9997881650924683,
            -9.226408958435059,
            0.0,
            0.0,
            0.0,
            1.0
        ],
        "fitness_score": 2.4747160186623365
    },
    "1720267131.500046": {
        "final_transformation": [
            0.9850687980651855,
            -0.17127366364002228,
            -0.017596490681171417,
            -40.27718734741211,
            0.17125876247882843,
            0.9852251410484314,
            -0.0021677729673683643,
            -239.8912811279297,
            0.01770765148103237,
            -0.0008787109982222319,
            0.9998437762260437,
            -9.218408584594727,
            0.0,
            0.0,
            0.0,
            1.0
        ],
        "fitness_score": 2.6743725718957463
    },
    "1720267131.799650": {
        "final_transformation": [
            0.9874464869499207,
            -0.15706130862236023,
            -0.016848936676979065,
            -40.256797790527344,
            0.15702936053276062,
            0.9875891208648682,
            -0.002988801570609212,
            -238.99853515625,
            0.017109138891100883,
            0.00030494018574245274,
            0.9998548626899719,
            -9.190373420715332,
            0.0,
            0.0,
            0.0,
            1.0
        ],
        "fitness_score": 2.675644289485168
    },
    "1720267132.100153": {
        "final_transformation": [
            0.9894390106201172,
            -0.1442527025938034,
            -0.014268727973103523,
            -40.29832077026367,
            0.1442083865404129,
            0.9895396828651428,
            -0.0038781859911978245,
            -237.97320556640625,
            0.014678808860480785,
            0.0017790136625990272,
            0.9998922944068909,
            -9.163132667541504,
            0.0,
            0.0,
            0.0,
            1.0
        ],
        "fitness_score": 2.720262100178471
    },
    "1720267132.699958": {
        "final_transformation": [
            0.9932536482810974,
            -0.1152602881193161,
            -0.012970762327313423,
            -40.768856048583984,
            0.11525757610797882,
            0.9933380484580994,
            -0.0007825671345926821,
            -235.66709899902344,
            0.012974399141967297,
            -0.0007181948167271912,
            0.9999163746833801,
            -9.148163795471191,
            0.0,
            0.0,
            0.0,
            1.0
        ],
        "fitness_score": 2.429997734361502
    },
    "1720267132.999804": {
        "final_transformation": [
            0.9944902658462524,
            -0.10421106964349747,
            -0.011629425920546055,
            -40.701751708984375,
            0.10424545407295227,
            0.9945509433746338,
            0.0025944991502910852,
            -234.5646514892578,
            0.011295560747385025,
            -0.003793013049289584,
            0.9999314546585083,
            -9.108222007751465,
            0.0,
            0.0,
            0.0,
            1.0
        ],
        "fitness_score": 2.1653047144880286
    },
    "1720267133.299867": {
        "final_transformation": [
            0.9956068396568298,
            -0.0925811380147934,
            -0.014116664417088032,
            -40.67486572265625,
            0.09265808761119843,
            0.9956873655319214,
            0.005099768750369549,
            -233.42239379882813,
            0.013583541847765446,
            -0.0063858977518975735,
            0.9998893737792969,
            -9.078337669372559,
            0.0,
            0.0,
            0.0,
            1.0
        ],
        "fitness_score": 1.9457878989276358
    },
    "1720267133.599399": {
        "final_transformation": [
            0.9967437982559204,
            -0.07990403473377228,
            -0.010991351678967476,
            -40.62579345703125,
            0.07997671514749527,
            0.9967767596244812,
            0.006543096620589495,
            -232.23170471191406,
            0.010432995855808258,
            -0.007401386275887489,
            0.9999207258224487,
            -9.031506538391113,
            0.0,
            0.0,
            0.0,
            1.0
        ],
        "fitness_score": 1.8525232619114116
    },
    "1720267133.900118": {
        "final_transformation": [
            0.9978535175323486,
            -0.06417621672153473,
            -0.013152990490198135,
            -40.572227478027344,
            0.06423873454332352,
            0.9979262351989746,
            0.0045917825773358345,
            -230.83517456054688,
            0.012830925174057484,
            -0.0054273949936032295,
            0.9999058842658997,
            -8.997228622436523,
            0.0,
            0.0,
            0.0,
            1.0
        ],
        "fitness_score": 1.871662898680682
    },
    "1720267134.200062": {
        "final_transformation": [
            0.9987481832504272,
            -0.048682715743780136,
            -0.011659323237836361,
            -40.43036651611328,
            0.04870094731450081,
            0.9988139867782593,
            0.0015270207077264786,
            -229.40623474121094,
            0.011571035720407963,
            -0.002093471586704254,
            0.9999329447746277,
            -8.962794303894043,
            0.0,
            0.0,
            0.0,
            1.0
        ],
        "fitness_score": 1.9132222712317817
    },
    "1720267134.500004": {
        "final_transformation": [
            0.9995161294937134,
            -0.02998380735516548,
            -0.008334241807460785,
            -40.34626388549805,
            0.03002779744565487,
            0.9995339512825012,
            0.00551079586148262,
            -228.0414276123047,
            0.00816502794623375,
            -0.005758938379585743,
            0.9999526143074036,
            -8.930526733398438,
            0.0,
            0.0,
            0.0,
            1.0
        ],
        "fitness_score": 1.7947787111886953
    },
    "1720267134.800089": {
        "final_transformation": [
            0.9998551607131958,
            -0.012650201097130775,
            -0.011361596174538136,
            -40.183040618896484,
            0.012708401307463646,
            0.999904215335846,
            0.005371330305933952,
            -226.5856170654297,
            0.011292504146695137,
            -0.00551548320800066,
            0.9999223947525024,
            -8.878609657287598,
            0.0,
            0.0,
            0.0,
            1.0
        ],
        "fitness_score": 1.656309899462034
    },
    "1720267135.100080": {
        "final_transformation": [
            0.9999083280563354,
            0.0067193773575127125,
            -0.011787809431552887,
            -40.056846618652344,
            -0.006686209235340357,
            0.9999727606773376,
            0.0031367195770144463,
            -225.12977600097656,
            0.011808505281805992,
            -0.00305816694162786,
            0.9999274015426636,
            -8.841714859008789,
            0.0,
            0.0,
            0.0,
            1.0
        ],
        "fitness_score": 1.6405314293728424
    },
    "1720267135.400005": {
        "final_transformation": [
            0.9996788501739502,
            0.024578087031841278,
            -0.006298246327787638,
            -39.86981964111328,
            -0.024562779814004898,
            0.9996938109397888,
            0.002986564766615629,
            -223.57431030273438,
            0.006369634065777063,
            -0.00283143762499094,
            0.9999779462814331,
            -8.798819541931152,
            0.0,
            0.0,
            0.0,
            1.0
        ],
        "fitness_score": 1.6099422314652618
    },
    "1720267135.700068": {
        "final_transformation": [
            0.9991461038589478,
            0.03976008668541908,
            -0.011271306313574314,
            -39.69324493408203,
            -0.0397404208779335,
            0.9992077946662903,
            0.0021605363581329584,
            -221.88784790039063,
            0.011348200030624866,
            -0.0017113222274929285,
            0.9999357461929321,
            -8.743583679199219,
            0.0,
            0.0,
            0.0,
            1.0
        ],
        "fitness_score": 1.579643241073666
    },
    "1720267136.000185": {
        "final_transformation": [
            0.9986076951026917,
            0.05260287970304489,
            -0.004134975839406252,
            -39.46473693847656,
            -0.0525943748652935,
            0.998611330986023,
            0.0029190275818109512,
            -220.12294006347656,
            0.004282711073756218,
            -0.0026980044785887003,
            0.9999889135360718,
            -8.68679428100586,
            0.0,
            0.0,
            0.0,
            1.0
        ],
        "fitness_score": 1.5680671682578637
    },
    "1720267136.300071": {
        "final_transformation": [
            0.9979674220085144,
            0.06342398375272751,
            -0.006350152660161257,
            -39.24010467529297,
            -0.06342056393623352,
            0.9979874491691589,
            0.0012805077712982893,
            -218.2747039794922,
            0.0064185140654444695,
            -0.0008757247123867273,
            0.9999814033508301,
            -8.616641998291016,
            0.0,
            0.0,
            0.0,
            1.0
        ],
        "fitness_score": 1.5743052387584908
    },
    "1720267136.600084": {
        "final_transformation": [
            0.9974263906478882,
            0.07158619910478592,
            -0.0041021304205060005,
            -38.91065979003906,
            -0.0715785026550293,
            0.9974319338798523,
            0.002804172458127141,
            -216.2965850830078,
            0.004292252007871866,
            -0.002503869589418173,
            0.999988317489624,
            -8.518310546875,
            0.0,
            0.0,
            0.0,
            1.0
        ],
        "fitness_score": 1.579007678684615
    },
    "1720267136.900103": {
        "final_transformation": [
            0.9970594048500061,
            0.07649503648281097,
            -0.00479563232511282,
            -38.62959671020508,
            -0.07649212330579758,
            0.9970712065696716,
            0.0011816882761195302,
            -214.3741455078125,
            0.004871867597103119,
            -0.0008118922705762088,
            0.9999899864196777,
            -8.438775062561035,
            0.0,
            0.0,
            0.0,
            1.0
        ],
        "fitness_score": 1.5374569552188233
    },
    "1720267137.200077": {
        "final_transformation": [
            0.9969474673271179,
            0.07805383205413818,
            -0.0012310626916587353,
            -38.264930725097656,
            -0.0780525878071785,
            0.9969438314437866,
            0.002953949384391308,
            -212.39602661132813,
            0.0014578179689124227,
            -0.0028493478894233704,
            0.9999964833259583,
            -8.39433479309082,
            0.0,
            0.0,
            0.0,
            1.0
        ],
        "fitness_score": 1.6164210049676868
    },
    "1720267140.200052": {
        "final_transformation": [
            0.9972875714302063,
            0.07360101491212845,
            0.002608266659080982,
            -34.84712219238281,
            -0.07360555231571198,
            0.9972905516624451,
            0.0009112203842960298,
            -190.4696807861328,
            -0.0025342016015201807,
            -0.0011011712485924363,
            0.9999991059303284,
            -7.668942451477051,
            0.0,
            0.0,
            0.0,
            1.0
        ],
        "fitness_score": 1.0501700216497254
    },
    "1720267140.497470": {
        "final_transformation": [
            0.997093915939331,
            0.0762024000287056,
            0.0003538249002303928,
            -34.46725082397461,
            -0.07620470225811005,
            0.9970951676368713,
            0.0006077701109461486,
            -188.10781860351563,
            -0.0003065289929509163,
            -0.0006334197241812944,
            1.0000019073486328,
            -7.588131904602051,
            0.0,
            0.0,
            0.0,
            1.0
        ],
        "fitness_score": 0.9767877769029402
    },
    "1720267140.800099": {
        "final_transformation": [
            0.9971110224723816,
            0.07596518099308014,
            0.0015401373384520411,
            -34.11143493652344,
            -0.07596847414970398,
            0.9971131682395935,
            0.0008275217260234058,
            -185.8199920654297,
            -0.0014729042304679751,
            -0.0009425837197341025,
            1.0000014305114746,
            -7.511206150054932,
            0.0,
            0.0,
            0.0,
            1.0
        ],
        "fitness_score": 0.8932382174672994
    },
    "1720267141.099436": {
        "final_transformation": [
            0.9970428347587585,
            0.0768459364771843,
            0.0012799096293747425,
            -33.71068572998047,
            -0.0768500566482544,
            0.9970421195030212,
            0.001522319857031107,
            -183.3355255126953,
            -0.001159150735475123,
            -0.0016166160348802805,
            0.9999980330467224,
            -7.423172950744629,
            0.0,
            0.0,
            0.0,
            1.0
        ],
        "fitness_score": 0.9302232608443168
    },
    "1720267141.400069": {
        "final_transformation": [
            0.996830403804779,
            0.07954838871955872,
            0.0006651298026554286,
            -33.29542541503906,
            -0.07955104857683182,
            0.9968294501304626,
            0.0005933578941039741,
            -180.80093383789063,
            -0.0006158755859360099,
            -0.000644886342342943,
            0.9999994039535522,
            -7.343608379364014,
            0.0,
            0.0,
            0.0,
            1.0
        ],
        "fitness_score": 0.9175376706131865
    }
}