{
    "1720517415.500074": {
        "final_transformation": [
            0.9998728632926941,
            -0.011902684345841408,
            -0.010769244283437729,
            2.650071620941162,
            0.011891902424395084,
            0.9999294877052307,
            -0.0007953462190926075,
            93.35995483398438,
            0.010777872055768967,
            0.0006666787667199969,
            0.999943733215332,
            3.017765760421753,
            0.0,
            0.0,
            0.0,
            1.0
        ],
        "fitness_score": 0.20862812977480005
    },
    "1720517415.799997": {
        "final_transformation": [
            0.9998298287391663,
            -0.013342086225748062,
            -0.012829625979065895,
            2.8016905784606934,
            0.013374506495893002,
            0.9999081492424011,
            0.002600350882858038,
            95.6107177734375,
            0.01279367320239544,
            -0.0027720252983272076,
            0.9999169111251831,
            3.092829465866089,
            0.0,
            0.0,
            0.0,
            1.0
        ],
        "fitness_score": 0.2133606071447945
    },
    "1720517416.099474": {
        "final_transformation": [
            0.9998281002044678,
            -0.013503356836736202,
            -0.012731357477605343,
            2.9751391410827637,
            0.01353477407246828,
            0.9999049305915833,
            0.002597528975456953,
            97.8766098022461,
            0.012695016339421272,
            -0.0027699691709131002,
            0.9999169707298279,
            3.1915855407714844,
            0.0,
            0.0,
            0.0,
            1.0
        ],
        "fitness_score": 0.2502640134854538
    },
    "1720517416.399673": {
        "final_transformation": [
            0.9997861981391907,
            -0.0162104070186615,
            -0.012859489768743515,
            3.098703384399414,
            0.016267841681838036,
            0.99985671043396,
            0.004611319862306118,
            99.98143005371094,
            0.012782839126884937,
            -0.0048200455494225025,
            0.9999081492424011,
            3.2457103729248047,
            0.0,
            0.0,
            0.0,
            1.0
        ],
        "fitness_score": 0.21913164660537174
    },
    "1720517416.699878": {
        "final_transformation": [
            0.9997689723968506,
            -0.017023345455527306,
            -0.013196727260947227,
            3.200380563735962,
            0.01708132028579712,
            0.9998447895050049,
            0.004475795663893223,
            101.93228149414063,
            0.013118417002260685,
            -0.004700679797679186,
            0.9999035596847534,
            3.298412561416626,
            0.0,
            0.0,
            0.0,
            1.0
        ],
        "fitness_score": 0.22695687067023187
    },
    "1720517417.000080": {
        "final_transformation": [
            0.9997422099113464,
            -0.017007267102599144,
            -0.015077225863933563,
            3.321394920349121,
            0.01705794408917427,
            0.9998489022254944,
            0.003422519890591502,
            103.99564361572266,
            0.01501669455319643,
            -0.0036793674807995558,
            0.999882161617279,
            3.344416618347168,
            0.0,
            0.0,
            0.0,
            1.0
        ],
        "fitness_score": 0.24289118065515602
    },
    "1720517417.300143": {
        "final_transformation": [
            0.9997052550315857,
            -0.016714463010430336,
            -0.01768755167722702,
            3.504531145095825,
            0.016749950125813484,
            0.9998576641082764,
            0.002026918577030301,
            105.99410247802734,
            0.017651086673140526,
            -0.002323135966435075,
            0.9998433589935303,
            3.379439353942871,
            0.0,
            0.0,
            0.0,
            1.0
        ],
        "fitness_score": 0.26044042874447493
    },
    "1720517417.600186": {
        "final_transformation": [
            0.9996750354766846,
            -0.016224829480051994,
            -0.019617581740021706,
            3.5791594982147217,
            0.016274312511086464,
            0.9998636841773987,
            0.0024771015159785748,
            107.84589385986328,
            0.019574671983718872,
            -0.0027961228042840958,
            0.9998050332069397,
            3.434077262878418,
            0.0,
            0.0,
            0.0,
            1.0
        ],
        "fitness_score": 0.26230024363178545
    },
    "1720517417.899241": {
        "final_transformation": [
            0.9997652173042297,
            -0.0155269093811512,
            -0.0151741374284029,
            3.673618793487549,
            0.015541310422122478,
            0.9998793005943298,
            0.0009764908463694155,
            109.53717803955078,
            0.015157047659158707,
            -0.0012126103974878788,
            0.9998857975006104,
            3.519650936126709,
            0.0,
            0.0,
            0.0,
            1.0
        ],
        "fitness_score": 0.24431619293768916
    },
    "1720517418.200197": {
        "final_transformation": [
            0.9997657537460327,
            -0.015312294475734234,
            -0.015319669619202614,
            3.698505163192749,
            0.015337198972702026,
            0.9998806715011597,
            0.00166630232706666,
            111.29582977294922,
            0.015292275696992874,
            -0.0019014435820281506,
            0.9998836517333984,
            3.5822360515594482,
            0.0,
            0.0,
            0.0,
            1.0
        ],
        "fitness_score": 0.23352148657107005
    },
    "1720517418.500169": {
        "final_transformation": [
            0.999846339225769,
            -0.013274622149765491,
            -0.01148430909961462,
            3.797697067260742,
            0.013305106200277805,
            0.9999085068702698,
            0.0027457531541585922,
            112.947509765625,
            0.011446733959019184,
            -0.0028986246325075626,
            0.9999324679374695,
            3.642516851425171,
            0.0,
            0.0,
            0.0,
            1.0
        ],
        "fitness_score": 0.23572954945378707
    },
    "1720517418.800174": {
        "final_transformation": [
            0.9998308420181274,
            -0.012678338214755058,
            -0.013386503793299198,
            3.8521153926849365,
            0.012725158594548702,
            0.99991375207901,
            0.003577766939997673,
            114.35677337646484,
            0.013339940458536148,
            -0.003748057410120964,
            0.9999063014984131,
            3.712432384490967,
            0.0,
            0.0,
            0.0,
            1.0
        ],
        "fitness_score": 0.19264284501375495
    },
    "1720517419.100139": {
        "final_transformation": [
            0.9998114109039307,
            -0.011594359762966633,
            -0.015586771070957184,
            3.950218439102173,
            0.011644490994513035,
            0.9999268651008606,
            0.0032958306837826967,
            115.8312759399414,
            0.015547355636954308,
            -0.0034772742073982954,
            0.9998752474784851,
            3.774322509765625,
            0.0,
            0.0,
            0.0,
            1.0
        ],
        "fitness_score": 0.2198230341471121
    },
    "1720517419.400080": {
        "final_transformation": [
            0.9998584389686584,
            -0.011287307366728783,
            -0.012511590495705605,
            4.034031867980957,
            0.011330366134643555,
            0.9999300837516785,
            0.0035776931326836348,
            117.00315856933594,
            0.012470298446714878,
            -0.003719446947798133,
            0.9999169707298279,
            3.8186299800872803,
            0.0,
            0.0,
            0.0,
            1.0
        ],
        "fitness_score": 0.21398601900796063
    },
    "1720517420.000091": {
        "final_transformation": [
            0.9998865127563477,
            -0.010258374735713005,
            -0.01114210207015276,
            4.136411666870117,
            0.010320828296244144,
            0.9999299645423889,
            0.005824263673275709,
            119.19140625,
            0.011081516742706299,
            -0.005939113907516003,
            0.9999212026596069,
            3.8457090854644775,
            0.0,
            0.0,
            0.0,
            1.0
        ],
        "fitness_score": 0.2108350229229378
    },
    "1720517420.300066": {
        "final_transformation": [
            0.9998924136161804,
            -0.00993583258241415,
            -0.010858960449695587,
            4.204082489013672,
            0.00995255820453167,
            0.9999486804008484,
            0.0017251180252060294,
            120.04859924316406,
            0.010841196402907372,
            -0.001833529444411397,
            0.999940812587738,
            3.8791871070861816,
            0.0,
            0.0,
            0.0,
            1.0
        ],
        "fitness_score": 0.22769763962701073
    },
    "1720517420.599124": {
        "final_transformation": [
            0.9999037384986877,
            -0.008834779262542725,
            -0.010837562382221222,
            4.27415132522583,
            0.008880048990249634,
            0.9999523758888245,
            0.004369767382740974,
            120.96871185302734,
            0.010798389092087746,
            -0.004466080106794834,
            0.999933123588562,
            3.872990608215332,
            0.0,
            0.0,
            0.0,
            1.0
        ],
        "fitness_score": 0.2403386976966636
    },
    "1720517421.199544": {
        "final_transformation": [
            0.9999074339866638,
            -0.007815846242010593,
            -0.011149530299007893,
            4.36885929107666,
            0.007870562374591827,
            0.9999555945396423,
            0.0051076775416731834,
            122.18051147460938,
            0.011109075509011745,
            -0.00519550871104002,
            0.9999263882637024,
            3.9005701541900635,
            0.0,
            0.0,
            0.0,
            1.0
        ],
        "fitness_score": 0.24461063924178572
    },
    "1720517421.497249": {
        "final_transformation": [
            0.9999067187309265,
            -0.00852817203849554,
            -0.010875102132558823,
            4.383237838745117,
            0.00858331099152565,
            0.9999509453773499,
            0.00532114552333951,
            122.70747375488281,
            0.010829122737050056,
            -0.005414473824203014,
            0.9999282360076904,
            3.9141628742218018,
            0.0,
            0.0,
            0.0,
            1.0
        ],
        "fitness_score": 0.24321105369237214
    },
    "1720517421.800111": {
        "final_transformation": [
            0.9999250769615173,
            -0.008118598721921444,
            -0.009358859620988369,
            4.399742126464844,
            0.008188817650079727,
            0.999937891960144,
            0.007753003388643265,
            123.11724090576172,
            0.009295257739722729,
            -0.007829527370631695,
            0.9999280571937561,
            3.9405972957611084,
            0.0,
            0.0,
            0.0,
            1.0
        ],
        "fitness_score": 0.24540555595321478
    },
    "1720517422.100130": {
        "final_transformation": [
            0.999893307685852,
            -0.00841396301984787,
            -0.012039689347147942,
            4.40369176864624,
            0.008498581126332283,
            0.9999380707740784,
            0.007259291596710682,
            123.38321685791016,
            0.011977833695709705,
            -0.007361320313066244,
            0.9999023675918579,
            3.949892520904541,
            0.0,
            0.0,
            0.0,
            1.0
        ],
        "fitness_score": 0.2373777688388987
    },
    "1720517422.399806": {
        "final_transformation": [
            0.9999095797538757,
            -0.00828532688319683,
            -0.01077420823276043,
            4.403131008148193,
            0.008359815925359726,
            0.9999414682388306,
            0.007118075620383024,
            123.54712677001953,
            0.010714542120695114,
            -0.007207944989204407,
            0.9999182224273682,
            3.9593818187713623,
            0.0,
            0.0,
            0.0,
            1.0
        ],
        "fitness_score": 0.23488153304107176
    },
    "1720517422.700089": {
        "final_transformation": [
            0.9998928308486938,
            -0.008280239999294281,
            -0.012010905891656876,
            4.4015793800354,
            0.008363422006368637,
            0.9999390244483948,
            0.007107620593160391,
            123.59703063964844,
            0.011951264925301075,
            -0.0072078704833984375,
            0.9999039173126221,
            3.962346076965332,
            0.0,
            0.0,
            0.0,
            1.0
        ],
        "fitness_score": 0.23201514353899136
    },
    "1720517422.999202": {
        "final_transformation": [
            0.9999000430107117,
            -0.008048188872635365,
            -0.011646551080048084,
            4.398939609527588,
            0.008117963559925556,
            0.9999468326568604,
            0.006228887476027012,
            123.59667205810547,
            0.011595741845667362,
            -0.006323343608528376,
            0.9999140501022339,
            3.9603288173675537,
            0.0,
            0.0,
            0.0,
            1.0
        ],
        "fitness_score": 0.23219333808578718
    },
    "1720517423.300235": {
        "final_transformation": [
            0.9998942017555237,
            -0.008049779571592808,
            -0.012133320793509483,
            4.412476062774658,
            0.00807796511799097,
            0.9999637007713318,
            0.0024856626987457275,
            123.57368469238281,
            0.012112841010093689,
            -0.0025839677546173334,
            0.9999243021011353,
            3.9561243057250977,
            0.0,
            0.0,
            0.0,
            1.0
        ],
        "fitness_score": 0.22966882602555544
    },
    "1720517423.899156": {
        "final_transformation": [
            0.9998927712440491,
            -0.008169827051460743,
            -0.012214499525725842,
            4.32844352722168,
            0.008211590349674225,
            0.99996018409729,
            0.003578789532184601,
            123.50801849365234,
            0.01218471396714449,
            -0.0036792405880987644,
            0.9999203681945801,
            3.9505867958068848,
            0.0,
            0.0,
            0.0,
            1.0
        ],
        "fitness_score": 0.23729065481752193
    },
    "1720517424.200098": {
        "final_transformation": [
            0.9998956322669983,
            -0.007809130009263754,
            -0.012208690866827965,
            4.348358154296875,
            0.00785184744745493,
            0.9999617338180542,
            0.003705521347001195,
            123.46012878417969,
            0.01217922568321228,
            -0.0038015167228877544,
            0.9999196529388428,
            3.9502339363098145,
            0.0,
            0.0,
            0.0,
            1.0
        ],
        "fitness_score": 0.22986012505004677
    },
    "1720517424.499346": {
        "final_transformation": [
            0.9998971819877625,
            -0.007708624470978975,
            -0.01206627395004034,
            4.340153694152832,
            0.007750721648335457,
            0.9999616742134094,
            0.0036886166781187057,
            123.51923370361328,
            0.01203734241425991,
            -0.003782291430979967,
            0.9999213218688965,
            3.955889940261841,
            0.0,
            0.0,
            0.0,
            1.0
        ],
        "fitness_score": 0.23440751267370935
    },
    "1720517424.799156": {
        "final_transformation": [
            0.9998966455459595,
            -0.007800591178238392,
            -0.01216014102101326,
            4.33119010925293,
            0.007839992642402649,
            0.9999635219573975,
            0.0034299104008823633,
            123.48979187011719,
            0.012132879346609116,
            -0.003525393083691597,
            0.9999209046363831,
            3.9545557498931885,
            0.0,
            0.0,
            0.0,
            1.0
        ],
        "fitness_score": 0.23323749931700746
    },
    "1720517425.099977": {
        "final_transformation": [
            0.9998964071273804,
            -0.007792557589709759,
            -0.012135005556046963,
            4.347255706787109,
            0.007832380943000317,
            0.999963641166687,
            0.00344575266353786,
            123.56121063232422,
            0.01210765726864338,
            -0.0035409550182521343,
            0.999921441078186,
            3.9606592655181885,
            0.0,
            0.0,
            0.0,
            1.0
        ],
        "fitness_score": 0.23078089154105086
    },
    "1720517425.400077": {
        "final_transformation": [
            0.999896228313446,
            -0.007830188609659672,
            -0.012190177105367184,
            4.367318153381348,
            0.00786836352199316,
            0.9999627470970154,
            0.0033617145381867886,
            123.55868530273438,
            0.012163358740508556,
            -0.003457795362919569,
            0.9999212622642517,
            3.966822385787964,
            0.0,
            0.0,
            0.0,
            1.0
        ],
        "fitness_score": 0.23283652524974321
    },
    "1720517425.700168": {
        "final_transformation": [
            0.9998962879180908,
            -0.007838989607989788,
            -0.012135088443756104,
            4.367413520812988,
            0.007877741940319538,
            0.999963104724884,
            0.0033596123103052378,
            123.55802154541016,
            0.012108249589800835,
            -0.0034553834702819586,
            0.9999220371246338,
            3.969761371612549,
            0.0,
            0.0,
            0.0,
            1.0
        ],
        "fitness_score": 0.22857313281113373
    },
    "1720517426.000107": {
        "final_transformation": [
            0.9998993873596191,
            -0.007894277572631836,
            -0.011782284826040268,
            4.366782188415527,
            0.00793438870459795,
            0.9999616742134094,
            0.0035863567609339952,
            123.57722473144531,
            0.011753452941775322,
            -0.003680028486996889,
            0.9999253153800964,
            3.9802043437957764,
            0.0,
            0.0,
            0.0,
            1.0
        ],
        "fitness_score": 0.22734363760114157
    },
    "1720517426.300133": {
        "final_transformation": [
            0.999897837638855,
            -0.00806308351457119,
            -0.011841222643852234,
            4.3839311599731445,
            0.008103176020085812,
            0.9999600052833557,
            0.003606974147260189,
            123.54055786132813,
            0.01181164849549532,
            -0.0037030705716460943,
            0.99992436170578,
            3.9838979244232178,
            0.0,
            0.0,
            0.0,
            1.0
        ],
        "fitness_score": 0.22374450460134299
    },
    "1720517426.600194": {
        "final_transformation": [
            0.9998992681503296,
            -0.007851819507777691,
            -0.011750605888664722,
            4.381868839263916,
            0.007892897352576256,
            0.9999620914459229,
            0.003609296167269349,
            123.51522064208984,
            0.011721763759851456,
            -0.0037021830212324858,
            0.9999251365661621,
            3.9884212017059326,
            0.0,
            0.0,
            0.0,
            1.0
        ],
        "fitness_score": 0.2225045846736079
    },
    "1720517426.899902": {
        "final_transformation": [
            0.9999010562896729,
            -0.0077104223892092705,
            -0.011740967631340027,
            4.379114151000977,
            0.007750604301691055,
            0.9999632239341736,
            0.0036037710960954428,
            123.52801513671875,
            0.011712716892361641,
            -0.003694914048537612,
            0.9999251961708069,
            3.990800380706787,
            0.0,
            0.0,
            0.0,
            1.0
        ],
        "fitness_score": 0.22438422900532665
    },
    "1720517427.500227": {
        "final_transformation": [
            0.9999001622200012,
            -0.007744808215647936,
            -0.011801792308688164,
            4.382274627685547,
            0.007785119581967592,
            0.9999626278877258,
            0.0035856864415109158,
            123.54435729980469,
            0.01177353598177433,
            -0.003677780507132411,
            0.9999247789382935,
            3.996553421020508,
            0.0,
            0.0,
            0.0,
            1.0
        ],
        "fitness_score": 0.22517062301785548
    },
    "1720517427.800156": {
        "final_transformation": [
            0.9998970627784729,
            -0.008081167936325073,
            -0.01185807678848505,
            4.37973165512085,
            0.008121879771351814,
            0.9999598860740662,
            0.003611705033108592,
            123.5499496459961,
            0.0118283461779356,
            -0.003708205884322524,
            0.99992436170578,
            4.000112533569336,
            0.0,
            0.0,
            0.0,
            1.0
        ],
        "fitness_score": 0.22349026933060936
    },
    "1720517428.100180": {
        "final_transformation": [
            0.9998955726623535,
            -0.008153794333338737,
            -0.01188012957572937,
            4.383606433868408,
            0.008194712921977043,
            0.9999588131904602,
            0.00362197682261467,
            123.5385513305664,
            0.011850074864923954,
            -0.0037194956094026566,
            0.9999241828918457,
            4.002738952636719,
            0.0,
            0.0,
            0.0,
            1.0
        ],
        "fitness_score": 0.22300639957781948
    },
    "1720517428.400151": {
        "final_transformation": [
            0.999896764755249,
            -0.007945984601974487,
            -0.011980290524661541,
            4.382830619812012,
            0.007986740209162235,
            0.9999615550041199,
            0.0035578482784330845,
            123.53075408935547,
            0.011951510794460773,
            -0.003653687657788396,
            0.9999234080314636,
            4.0048909187316895,
            0.0,
            0.0,
            0.0,
            1.0
        ],
        "fitness_score": 0.22466542350831006
    },
    "1720517428.700118": {
        "final_transformation": [
            0.9998958706855774,
            -0.008195632137358189,
            -0.011960758827626705,
            4.389617443084717,
            0.008235222660005093,
            0.9999604821205139,
            0.003487595822662115,
            123.54058074951172,
            0.011931629851460457,
            -0.0035862759687006474,
            0.99992436170578,
            4.008831024169922,
            0.0,
            0.0,
            0.0,
            1.0
        ],
        "fitness_score": 0.22325530397099602
    },
    "1720517429.000117": {
        "final_transformation": [
            0.9998937249183655,
            -0.00816777627915144,
            -0.012114390730857849,
            4.390008926391602,
            0.008208408020436764,
            0.9999599456787109,
            0.0035129336174577475,
            123.5428695678711,
            0.01208516675978899,
            -0.0036125348415225744,
            0.9999226331710815,
            4.011761665344238,
            0.0,
            0.0,
            0.0,
            1.0
        ],
        "fitness_score": 0.2236910899058041
    },
    "1720517429.300231": {
        "final_transformation": [
            0.9998932480812073,
            -0.007948078215122223,
            -0.012236771173775196,
            4.401613712310791,
            0.007989621721208096,
            0.9999614357948303,
            0.0035491902381181717,
            123.55883026123047,
            0.012208041734993458,
            -0.003647145349532366,
            0.9999200701713562,
            4.014878749847412,
            0.0,
            0.0,
            0.0,
            1.0
        ],
        "fitness_score": 0.2228076884985586
    },
    "1720517429.600083": {
        "final_transformation": [
            0.9998970031738281,
            -0.007659464608877897,
            -0.012170230969786644,
            4.401219367980957,
            0.00770003953948617,
            0.9999629855155945,
            0.0035150819458067417,
            123.5470199584961,
            0.012142828665673733,
            -0.003609013743698597,
            0.9999207258224487,
            4.016663551330566,
            0.0,
            0.0,
            0.0,
            1.0
        ],
        "fitness_score": 0.22532252381090773
    },
    "1720517429.900011": {
        "final_transformation": [
            0.999900758266449,
            -0.006957818288356066,
            -0.01220699492841959,
            4.420466423034668,
            0.006998448166996241,
            0.9999682903289795,
            0.0035204458981752396,
            123.55998992919922,
            0.012182083912193775,
            -0.003606074023991823,
            0.9999206066131592,
            4.019828796386719,
            0.0,
            0.0,
            0.0,
            1.0
        ],
        "fitness_score": 0.22828003767135224
    },
    "1720517430.200068": {
        "final_transformation": [
            0.9999033808708191,
            -0.0066268909722566605,
            -0.012225346639752388,
            4.426679611206055,
            0.00666776904836297,
            0.9999712109565735,
            0.003531909314915538,
            123.55626678466797,
            0.012201530858874321,
            -0.003613633569329977,
            0.999920129776001,
            4.020956039428711,
            0.0,
            0.0,
            0.0,
            1.0
        ],
        "fitness_score": 0.2370720944345405
    },
    "1720517430.500088": {
        "final_transformation": [
            0.9999026656150818,
            -0.0067213731817901134,
            -0.012270243838429451,
            4.430177211761475,
            0.006761940196156502,
            0.9999708533287048,
            0.0034928773529827595,
            123.56622314453125,
            0.012246335856616497,
            -0.0035760547034442425,
            0.9999196529388428,
            4.022571563720703,
            0.0,
            0.0,
            0.0,
            1.0
        ],
        "fitness_score": 0.24640571204865616
    },
    "1720517430.799117": {
        "final_transformation": [
            0.999897837638855,
            -0.007235038559883833,
            -0.012326233088970184,
            4.422153472900391,
            0.007276556454598904,
            0.9999663829803467,
            0.003565126098692417,
            123.52207946777344,
            0.012299957685172558,
            -0.0036549936048686504,
            0.9999189376831055,
            4.019814968109131,
            0.0,
            0.0,
            0.0,
            1.0
        ],
        "fitness_score": 0.24784343355948676
    },
    "1720517431.095090": {
        "final_transformation": [
            0.9998940825462341,
            -0.007553547155112028,
            -0.012430540286004543,
            4.420979022979736,
            0.007594997528940439,
            0.9999634623527527,
            0.0035729946102946997,
            123.50621032714844,
            0.012403054162859917,
            -0.003667594399303198,
            0.9999172687530518,
            4.018735408782959,
            0.0,
            0.0,
            0.0,
            1.0
        ],
        "fitness_score": 0.23637639755481116
    },
    "1720517431.399739": {
        "final_transformation": [
            0.9998928904533386,
            -0.007909425534307957,
            -0.012324756942689419,
            4.414976119995117,
            0.007952146232128143,
            0.9999610185623169,
            0.0036635363940149546,
            123.51486206054688,
            0.012295261025428772,
            -0.0037616929039359093,
            0.9999187588691711,
            4.0178141593933105,
            0.0,
            0.0,
            0.0,
            1.0
        ],
        "fitness_score": 0.22505797538474578
    },
    "1720517431.700133": {
        "final_transformation": [
            0.9998899102210999,
            -0.008011468686163425,
            -0.012417184188961983,
            4.415410041809082,
            0.008052267134189606,
            0.9999590516090393,
            0.003491678973659873,
            123.54180908203125,
            0.012388699688017368,
            -0.0035918597131967545,
            0.9999176859855652,
            4.019232749938965,
            0.0,
            0.0,
            0.0,
            1.0
        ],
        "fitness_score": 0.22269295745629128
    },
    "1720517432.000165": {
        "final_transformation": [
            0.9998931884765625,
            -0.007796665653586388,
            -0.012374225072562695,
            4.420504093170166,
            0.007838173769414425,
            0.9999628663063049,
            0.0035194039810448885,
            123.56869506835938,
            0.012346278876066208,
            -0.0036165425553917885,
            0.9999187588691711,
            4.0186448097229,
            0.0,
            0.0,
            0.0,
            1.0
        ],
        "fitness_score": 0.2267733528233328
    },
    "1720517432.300110": {
        "final_transformation": [
            0.9998914003372192,
            -0.007703217677772045,
            -0.012514048255980015,
            4.425614356994629,
            0.007745582610368729,
            0.9999626874923706,
            0.003576773451641202,
            123.5441665649414,
            0.012485978193581104,
            -0.003673918778076768,
            0.9999163746833801,
            4.017219543457031,
            0.0,
            0.0,
            0.0,
            1.0
        ],
        "fitness_score": 0.2279303780016864
    },
    "1720517432.600074": {
        "final_transformation": [
            0.9998948574066162,
            -0.007735975086688995,
            -0.012372526340186596,
            4.428553104400635,
            0.007777076214551926,
            0.9999645352363586,
            0.003529526060447097,
            123.53313446044922,
            0.01234473381191492,
            -0.00362585112452507,
            0.9999180436134338,
            4.016638278961182,
            0.0,
            0.0,
            0.0,
            1.0
        ],
        "fitness_score": 0.2283691865371365
    },
    "1720517432.900131": {
        "final_transformation": [
            0.9998932480812073,
            -0.007700811140239239,
            -0.01250465027987957,
            4.4323554039001465,
            0.0077412365935742855,
            0.9999634623527527,
            0.0034707433078438044,
            123.5451431274414,
            0.012477400712668896,
            -0.0035677270498126745,
            0.9999167323112488,
            4.0180816650390625,
            0.0,
            0.0,
            0.0,
            1.0
        ],
        "fitness_score": 0.2286134647243371
    },
    "1720517433.800181": {
        "final_transformation": [
            0.9998883008956909,
            -0.007819782942533493,
            -0.012767022475600243,
            4.434562683105469,
            0.007859745994210243,
            0.9999632239341736,
            0.003300524316728115,
            123.54896545410156,
            0.012740709818899632,
            -0.0034010070376098156,
            0.9999133944511414,
            4.016454696655273,
            0.0,
            0.0,
            0.0,
            1.0
        ],
        "fitness_score": 0.24537573899789103
    },
    "1720517434.099279": {
        "final_transformation": [
            0.9998922944068909,
            -0.00753767229616642,
            -0.012674819678068161,
            4.445420265197754,
            0.007574599236249924,
            0.9999661445617676,
            0.0031479024328291416,
            123.53706359863281,
            0.012650611810386181,
            -0.003244057996198535,
            0.9999151825904846,
            4.018593788146973,
            0.0,
            0.0,
            0.0,
            1.0
        ],
        "fitness_score": 0.24014925238169768
    },
    "1720517434.400133": {
        "final_transformation": [
            0.999889612197876,
            -0.007884442806243896,
            -0.012643487192690372,
            4.442557334899902,
            0.007920302450656891,
            0.9999638795852661,
            0.003082263981923461,
            123.51505279541016,
            0.012618686072528362,
            -0.0031825511250644922,
            0.9999162554740906,
            4.024134635925293,
            0.0,
            0.0,
            0.0,
            1.0
        ],
        "fitness_score": 0.23246375383686982
    },
    "1720517434.700191": {
        "final_transformation": [
            0.9998890161514282,
            -0.008073931559920311,
            -0.012659053318202496,
            4.433530807495117,
            0.008110173046588898,
            0.9999635219573975,
            0.003048062091693282,
            123.50812530517578,
            0.012633942998945713,
            -0.00315086729824543,
            0.9999171495437622,
            4.024741172790527,
            0.0,
            0.0,
            0.0,
            1.0
        ],
        "fitness_score": 0.2275234770106168
    },
    "1720517435.000162": {
        "final_transformation": [
            0.9998806118965149,
            -0.008574691601097584,
            -0.012942897155880928,
            4.418769359588623,
            0.008614671416580677,
            0.9999591112136841,
            0.0032041489612311125,
            123.57714080810547,
            0.012914847582578659,
            -0.0033157679717987776,
            0.9999136924743652,
            4.026030540466309,
            0.0,
            0.0,
            0.0,
            1.0
        ],
        "fitness_score": 0.22890425865862613
    },
    "1720517435.299099": {
        "final_transformation": [
            0.9998828172683716,
            -0.008589478209614754,
            -0.012799866497516632,
            4.409324645996094,
            0.008630448020994663,
            0.999958872795105,
            0.003318210830911994,
            123.559326171875,
            0.0127707589417696,
            -0.0034287332091480494,
            0.9999132752418518,
            4.029939651489258,
            0.0,
            0.0,
            0.0,
            1.0
        ],
        "fitness_score": 0.22685138928083395
    },
    "1720517435.596873": {
        "final_transformation": [
            0.9998829364776611,
            -0.008337452076375484,
            -0.012975326739251614,
            4.406562805175781,
            0.00838117953389883,
            0.9999600052833557,
            0.003551397705450654,
            123.53699493408203,
            0.012945122085511684,
            -0.0036601866595447063,
            0.999910831451416,
            4.030601501464844,
            0.0,
            0.0,
            0.0,
            1.0
        ],
        "fitness_score": 0.22388373915498785
    },
    "1720517435.900099": {
        "final_transformation": [
            0.999881386756897,
            -0.008519135415554047,
            -0.012963992543518543,
            4.386983394622803,
            0.008561985567212105,
            0.999957799911499,
            0.0035381854977458715,
            123.55580139160156,
            0.012933256104588509,
            -0.003649253398180008,
            0.9999114871025085,
            4.039444923400879,
            0.0,
            0.0,
            0.0,
            1.0
        ],
        "fitness_score": 0.22102390829789384
    },
    "1720517436.200079": {
        "final_transformation": [
            0.9998725652694702,
            -0.00861432496458292,
            -0.01348800491541624,
            4.39127254486084,
            0.008661438710987568,
            0.9999557137489319,
            0.0036773192696273327,
            123.57382202148438,
            0.013455679640173912,
            -0.0037942181807011366,
            0.999903678894043,
            4.043455600738525,
            0.0,
            0.0,
            0.0,
            1.0
        ],
        "fitness_score": 0.2161764380579589
    },
    "1720517436.500180": {
        "final_transformation": [
            0.9998680353164673,
            -0.008505807258188725,
            -0.01388027798384428,
            4.385053634643555,
            0.008559524081647396,
            0.9999556541442871,
            0.004001365974545479,
            123.6181411743164,
            0.013845548033714294,
            -0.004120173864066601,
            0.9998968839645386,
            4.054941177368164,
            0.0,
            0.0,
            0.0,
            1.0
        ],
        "fitness_score": 0.21347659347114745
    },
    "1720517436.800158": {
        "final_transformation": [
            0.9998736381530762,
            -0.008168001659214497,
            -0.013723704032599926,
            4.405584335327148,
            0.008212503045797348,
            0.9999613165855408,
            0.0033814460039138794,
            123.688232421875,
            0.013695488683879375,
            -0.00349425058811903,
            0.9999018907546997,
            4.087346076965332,
            0.0,
            0.0,
            0.0,
            1.0
        ],
        "fitness_score": 0.2092339017712126
    },
    "1720517437.100166": {
        "final_transformation": [
            0.9998767375946045,
            -0.00802344549447298,
            -0.01354807149618864,
            4.405290603637695,
            0.008067529648542404,
            0.9999617338180542,
            0.0033868649043142796,
            123.55877685546875,
            0.01352033019065857,
            -0.003496259916573763,
            0.9999037384986877,
            4.094037055969238,
            0.0,
            0.0,
            0.0,
            1.0
        ],
        "fitness_score": 0.20589425214238963
    }
}