{
    "1720703830.500196": {
        "final_transformation": [
            -0.9994285702705383,
            -0.01810290291905403,
            -0.028602078557014465,
            -20.88433074951172,
            0.020155495032668114,
            -0.9971213936805725,
            -0.07310489565134048,
            19.488975524902344,
            -0.02719656564295292,
            -0.07363983243703842,
            0.9969159364700317,
            0.01746061071753502,
            0.0,
            0.0,
            0.0,
            1.0
        ],
        "fitness_score": 0.139156715262002
    },
    "1720703830.800176": {
        "final_transformation": [
            -0.9993680715560913,
            -0.021363122388720512,
            -0.02846342884004116,
            -21.25112533569336,
            0.023313995450735092,
            -0.9972761869430542,
            -0.06999078392982483,
            16.240550994873047,
            -0.02689087577164173,
            -0.07061037421226501,
            0.9971420168876648,
            -0.12695014476776123,
            0.0,
            0.0,
            0.0,
            1.0
        ],
        "fitness_score": 0.1276832131549562
    },
    "1720703831.100103": {
        "final_transformation": [
            -0.9992467164993286,
            -0.0269186832010746,
            -0.0280247051268816,
            -21.571109771728516,
            0.028849715366959572,
            -0.9970702528953552,
            -0.07086794823408127,
            13.574155807495117,
            -0.026035111397504807,
            -0.07162327319383621,
            0.9970935583114624,
            -0.2582390308380127,
            0.0,
            0.0,
            0.0,
            1.0
        ],
        "fitness_score": 0.12247467836578634
    },
    "1720703831.400185": {
        "final_transformation": [
            -0.9989392757415771,
            -0.03283068910241127,
            -0.032302092760801315,
            -21.974857330322266,
            0.03490186855196953,
            -0.9972277879714966,
            -0.06572898477315903,
            10.386300086975098,
            -0.03005484864115715,
            -0.06678707897663116,
            0.9973153471946716,
            -0.37010788917541504,
            0.0,
            0.0,
            0.0,
            1.0
        ],
        "fitness_score": 0.12860827209689704
    },
    "1720703831.700119": {
        "final_transformation": [
            -0.9988155364990234,
            -0.03456999361515045,
            -0.03425401821732521,
            -22.464534759521484,
            0.03687912970781326,
            -0.9969230890274048,
            -0.06917910277843475,
            6.6077117919921875,
            -0.03175736591219902,
            -0.0703606978058815,
            0.9970167279243469,
            -0.5417962670326233,
            0.0,
            0.0,
            0.0,
            1.0
        ],
        "fitness_score": 0.1451757222838598
    },
    "1720703832.000055": {
        "final_transformation": [
            -0.9986454248428345,
            -0.04055199399590492,
            -0.03261254355311394,
            -22.73531150817871,
            0.04256320744752884,
            -0.997075080871582,
            -0.06347980350255966,
            4.52264404296875,
            -0.02994321845471859,
            -0.06478223204612732,
            0.9974510669708252,
            -0.606634259223938,
            0.0,
            0.0,
            0.0,
            1.0
        ],
        "fitness_score": 0.13510413978614375
    },
    "1720703832.300114": {
        "final_transformation": [
            -0.9982845783233643,
            -0.04371960833668709,
            -0.038965363055467606,
            -23.238880157470703,
            0.046279385685920715,
            -0.9966591000556946,
            -0.06731735169887543,
            0.0891447365283966,
            -0.035892244428396225,
            -0.06900542229413986,
            0.996971607208252,
            -0.7693410515785217,
            0.0,
            0.0,
            0.0,
            1.0
        ],
        "fitness_score": 0.15863081658024403
    },
    "1720703832.600121": {
        "final_transformation": [
            -0.9980329275131226,
            -0.046197209507226944,
            -0.04242023825645447,
            -23.717748641967773,
            0.04900991916656494,
            -0.9964971542358398,
            -0.06778542697429657,
            -3.073897123336792,
            -0.03914038464426994,
            -0.06973132491111755,
            0.9967999458312988,
            -0.8667950630187988,
            0.0,
            0.0,
            0.0,
            1.0
        ],
        "fitness_score": 0.16318522133311347
    },
    "1720703832.900170": {
        "final_transformation": [
            -0.9979848861694336,
            -0.04797555133700371,
            -0.041530728340148926,
            -24.095544815063477,
            0.0506322905421257,
            -0.996576189994812,
            -0.06537076830863953,
            -5.766546249389648,
            -0.03825254738330841,
            -0.06734216958284378,
            0.9969976544380188,
            -0.9955930709838867,
            0.0,
            0.0,
            0.0,
            1.0
        ],
        "fitness_score": 0.14938191835464426
    },
    "1720703833.192935": {
        "final_transformation": [
            -0.9978854060173035,
            -0.04949958249926567,
            -0.04214424639940262,
            -24.540489196777344,
            0.05207230895757675,
            -0.9967043995857239,
            -0.06221491098403931,
            -9.068400382995605,
            -0.03892602398991585,
            -0.06427828222513199,
            0.9971746206283569,
            -1.1319397687911987,
            0.0,
            0.0,
            0.0,
            1.0
        ],
        "fitness_score": 0.12944177301684767
    },
    "1720703833.500201": {
        "final_transformation": [
            -0.9978190660476685,
            -0.04841570928692818,
            -0.044894445687532425,
            -24.970853805541992,
            0.05110808089375496,
            -0.9968407154083252,
            -0.06082440912723541,
            -12.447297096252441,
            -0.04180798679590225,
            -0.06298638135194778,
            0.9971402883529663,
            -1.257293462753296,
            0.0,
            0.0,
            0.0,
            1.0
        ],
        "fitness_score": 0.132628138405981
    },
    "1720703833.800265": {
        "final_transformation": [
            -0.9980584979057312,
            -0.04563738405704498,
            -0.04242854565382004,
            -25.420650482177734,
            0.04822352156043053,
            -0.9969120621681213,
            -0.06200568005442619,
            -15.818558692932129,
            -0.03946790471673012,
            -0.06393146514892578,
            0.9971751570701599,
            -1.386997103691101,
            0.0,
            0.0,
            0.0,
            1.0
        ],
        "fitness_score": 0.12724761774485216
    },
    "1720703834.100093": {
        "final_transformation": [
            -0.9981852769851685,
            -0.04697828367352486,
            -0.037708405405282974,
            -25.890647888183594,
            0.04921761900186539,
            -0.9969386458396912,
            -0.06077959015965462,
            -19.800006866455078,
            -0.03473785147070885,
            -0.06252547353506088,
            0.9974406361579895,
            -1.543855905532837,
            0.0,
            0.0,
            0.0,
            1.0
        ],
        "fitness_score": 0.1496369577265484
    },
    "1720703834.400118": {
        "final_transformation": [
            -0.9982486367225647,
            -0.047786347568035126,
            -0.034920789301395416,
            -26.326128005981445,
            0.04975040629506111,
            -0.9971004128456116,
            -0.05760669335722923,
            -22.813249588012695,
            -0.032066959887742996,
            -0.059243377298116684,
            0.9977303743362427,
            -1.6361547708511353,
            0.0,
            0.0,
            0.0,
            1.0
        ],
        "fitness_score": 0.1468489831827515
    },
    "1720703834.700125": {
        "final_transformation": [
            -0.9979930520057678,
            -0.050913650542497635,
            -0.037651821970939636,
            -26.789196014404297,
            0.05294249206781387,
            -0.9970863461494446,
            -0.05492427572607994,
            -26.246782302856445,
            -0.03474593162536621,
            -0.05680776387453079,
            0.9977822303771973,
            -1.7574161291122437,
            0.0,
            0.0,
            0.0,
            1.0
        ],
        "fitness_score": 0.16667803245086907
    },
    "1720703834.999993": {
        "final_transformation": [
            -0.9979745745658875,
            -0.05201065540313721,
            -0.03666877746582031,
            -27.25422477722168,
            0.05405138432979584,
            -0.9969108700752258,
            -0.05700666084885597,
            -29.62885284423828,
            -0.033590830862522125,
            -0.05887351185083389,
            0.9977008104324341,
            -1.8767609596252441,
            0.0,
            0.0,
            0.0,
            1.0
        ],
        "fitness_score": 0.17772145758860514
    },
    "1720703835.300044": {
        "final_transformation": [
            -0.9979749917984009,
            -0.053259119391441345,
            -0.03480445221066475,
            -27.629613876342773,
            0.05516224354505539,
            -0.9968988299369812,
            -0.05615612119436264,
            -32.436458587646484,
            -0.03170594945549965,
            -0.057962566614151,
            0.9978159070014954,
            -1.997877836227417,
            0.0,
            0.0,
            0.0,
            1.0
        ],
        "fitness_score": 0.1709606841223267
    },
    "1720703835.600156": {
        "final_transformation": [
            -0.9981115460395813,
            -0.0547771081328392,
            -0.02782369591295719,
            -28.28310775756836,
            0.056260041892528534,
            -0.9968696236610413,
            -0.05557173863053322,
            -37.011966705322266,
            -0.024692723527550697,
            -0.05703246593475342,
            0.9980691075325012,
            -2.1260123252868652,
            0.0,
            0.0,
            0.0,
            1.0
        ],
        "fitness_score": 0.18960611311501485
    },
    "1720703835.900131": {
        "final_transformation": [
            -0.9981580376625061,
            -0.05507756397128105,
            -0.02547449804842472,
            -28.649507522583008,
            0.05645671486854553,
            -0.9967821836471558,
            -0.056927453726530075,
            -39.877586364746094,
            -0.022257331758737564,
            -0.05826111510396004,
            0.9980548620223999,
            -2.2376716136932373,
            0.0,
            0.0,
            0.0,
            1.0
        ],
        "fitness_score": 0.19588249619284953
    },
    "1720703836.197803": {
        "final_transformation": [
            -0.998224139213562,
            -0.05431823804974556,
            -0.024471465498209,
            -29.027917861938477,
            0.05562715604901314,
            -0.9968627095222473,
            -0.05633460730314255,
            -42.61293029785156,
            -0.02133498340845108,
            -0.05759616941213608,
            0.9981131553649902,
            -2.3351449966430664,
            0.0,
            0.0,
            0.0,
            1.0
        ],
        "fitness_score": 0.2152433095429549
    },
    "1720703836.500252": {
        "final_transformation": [
            -0.9977604746818542,
            -0.058978136628866196,
            -0.03157030791044235,
            -29.71599578857422,
            0.06078428030014038,
            -0.996370255947113,
            -0.05962025374174118,
            -47.33087158203125,
            -0.027939671650528908,
            -0.06140614673495293,
            0.9977253079414368,
            -2.540987730026245,
            0.0,
            0.0,
            0.0,
            1.0
        ],
        "fitness_score": 0.1783337505698947
    },
    "1720703836.800269": {
        "final_transformation": [
            -0.9975194334983826,
            -0.05992593988776207,
            -0.03693176805973053,
            -30.19445037841797,
            0.062240421772003174,
            -0.9959419369697571,
            -0.06501977145671844,
            -50.61155319213867,
            -0.032885707914829254,
            -0.06715745478868484,
            0.9972023367881775,
            -2.7230935096740723,
            0.0,
            0.0,
            0.0,
            1.0
        ],
        "fitness_score": 0.1629308609611153
    },
    "1720703837.100152": {
        "final_transformation": [
            -0.9973205327987671,
            -0.06398656219244003,
            -0.035523876547813416,
            -30.67767906188965,
            0.06631258130073547,
            -0.9954415559768677,
            -0.06858884543180466,
            -53.93452072143555,
            -0.030973460525274277,
            -0.07076098769903183,
            0.9970148801803589,
            -2.8739511966705322,
            0.0,
            0.0,
            0.0,
            1.0
        ],
        "fitness_score": 0.16073248148098973
    },
    "1720703837.398468": {
        "final_transformation": [
            -0.9973668456077576,
            -0.06437110900878906,
            -0.03342875465750694,
            -31.00778579711914,
            0.06650914996862411,
            -0.9955188632011414,
            -0.06724677234888077,
            -56.113529205322266,
            -0.028950391337275505,
            -0.06929325312376022,
            0.9971782565116882,
            -2.955580234527588,
            0.0,
            0.0,
            0.0,
            1.0
        ],
        "fitness_score": 0.16861047323669182
    },
    "1720703837.700135": {
        "final_transformation": [
            -0.9967439770698547,
            -0.07212910056114197,
            -0.0360766239464283,
            -31.7605037689209,
            0.07438796013593674,
            -0.9950658082962036,
            -0.06567151099443436,
            -60.83716583251953,
            -0.031162096187472343,
            -0.06814169138669968,
            0.9971904158592224,
            -3.1488895416259766,
            0.0,
            0.0,
            0.0,
            1.0
        ],
        "fitness_score": 0.19413435965672013
    },
    "1720703838.000144": {
        "final_transformation": [
            -0.9964592456817627,
            -0.07408071309328079,
            -0.039778780192136765,
            -32.321861267089844,
            0.0764034241437912,
            -0.9952507615089417,
            -0.06034475564956665,
            -64.41942596435547,
            -0.03511958196759224,
            -0.06317053735256195,
            0.9973883628845215,
            -3.291393995285034,
            0.0,
            0.0,
            0.0,
            1.0
        ],
        "fitness_score": 0.1798552661355934
    },
    "1720703838.300090": {
        "final_transformation": [
            -0.9965043067932129,
            -0.07337609678506851,
            -0.03996914252638817,
            -32.802860260009766,
            0.07568451762199402,
            -0.9953489303588867,
            -0.059631433337926865,
            -67.35753631591797,
            -0.03540797531604767,
            -0.06244838237762451,
            0.997421145439148,
            -3.406968355178833,
            0.0,
            0.0,
            0.0,
            1.0
        ],
        "fitness_score": 0.14870661125796958
    },
    "1720703838.596852": {
        "final_transformation": [
            -0.9965324401855469,
            -0.07225590944290161,
            -0.04125605896115303,
            -33.35450744628906,
            0.07462923973798752,
            -0.995455801486969,
            -0.05914517119526863,
            -70.87248992919922,
            -0.036795273423194885,
            -0.06201937794685364,
            0.9973981976509094,
            -3.5561153888702393,
            0.0,
            0.0,
            0.0,
            1.0
        ],
        "fitness_score": 0.16259961271869747
    },
    "1720703838.900177": {
        "final_transformation": [
            -0.9967546463012695,
            -0.0697336345911026,
            -0.04027291387319565,
            -33.858428955078125,
            0.07215988636016846,
            -0.9954530596733093,
            -0.06221233308315277,
            -74.10379028320313,
            -0.03575164079666138,
            -0.0649167075753212,
            0.9972530007362366,
            -3.6865296363830566,
            0.0,
            0.0,
            0.0,
            1.0
        ],
        "fitness_score": 0.18398389052787845
    },
    "1720703839.199991": {
        "final_transformation": [
            -0.9969027638435364,
            -0.06979521363973618,
            -0.03626575320959091,
            -34.27703857421875,
            0.0719829648733139,
            -0.9954221248626709,
            -0.06290335953235626,
            -76.85406494140625,
            -0.03170959651470184,
            -0.06531927734613419,
            0.997362494468689,
            -3.7788195610046387,
            0.0,
            0.0,
            0.0,
            1.0
        ],
        "fitness_score": 0.18670086002026998
    },
    "1720703839.499943": {
        "final_transformation": [
            -0.9968717098236084,
            -0.07109902799129486,
            -0.034557994455099106,
            -34.869895935058594,
            0.07319195568561554,
            -0.9952940940856934,
            -0.06352562457323074,
            -80.8192367553711,
            -0.029878931120038033,
            -0.06585651636123657,
            0.9973838925361633,
            -3.946314573287964,
            0.0,
            0.0,
            0.0,
            1.0
        ],
        "fitness_score": 0.17583507068661308
    },
    "1720703839.800185": {
        "final_transformation": [
            -0.9966987371444702,
            -0.07408342510461807,
            -0.03325844183564186,
            -35.38165283203125,
            0.07602835446596146,
            -0.9952051639556885,
            -0.06156134977936745,
            -84.1635513305664,
            -0.028538472950458527,
            -0.06388695538043976,
            0.9975504875183105,
            -4.042490005493164,
            0.0,
            0.0,
            0.0,
            1.0
        ],
        "fitness_score": 0.17760503496207114
    },
    "1720703840.100235": {
        "final_transformation": [
            -0.9964481592178345,
            -0.07841018587350845,
            -0.030745025724172592,
            -35.92313766479492,
            0.08021716773509979,
            -0.9948118925094604,
            -0.06258979439735413,
            -87.51163482666016,
            -0.025677930563688278,
            -0.06483398377895355,
            0.9975667595863342,
            -4.205780029296875,
            0.0,
            0.0,
            0.0,
            1.0
        ],
        "fitness_score": 0.19058261372773322
    },
    "1720703840.399848": {
        "final_transformation": [
            -0.9960581660270691,
            -0.08475477993488312,
            -0.026236284524202347,
            -36.45913314819336,
            0.08620726317167282,
            -0.9944592118263245,
            -0.060209449380636215,
            -90.75790405273438,
            -0.02098797634243965,
            -0.06223401054739952,
            0.9978439211845398,
            -4.345320224761963,
            0.0,
            0.0,
            0.0,
            1.0
        ],
        "fitness_score": 0.20164187791281712
    },
    "1720703840.700159": {
        "final_transformation": [
            -0.9953528046607971,
            -0.09199459105730057,
            -0.028479550033807755,
            -37.032352447509766,
            0.0935714840888977,
            -0.9938015937805176,
            -0.06004558503627777,
            -94.05117797851563,
            -0.022779341787099838,
            -0.062431689351797104,
            0.9977908134460449,
            -4.454387187957764,
            0.0,
            0.0,
            0.0,
            1.0
        ],
        "fitness_score": 0.24011670837200536
    },
    "1720703840.999945": {
        "final_transformation": [
            -0.9946644306182861,
            -0.09781039506196976,
            -0.03283959627151489,
            -37.63833999633789,
            0.09954090416431427,
            -0.9934598803520203,
            -0.05595089867711067,
            -97.3740005493164,
            -0.02715247869491577,
            -0.05892156437039375,
            0.9978944659233093,
            -4.582386493682861,
            0.0,
            0.0,
            0.0,
            1.0
        ],
        "fitness_score": 0.24533991562999163
    },
    "1720703841.297853": {
        "final_transformation": [
            -0.9941197037696838,
            -0.1035393625497818,
            -0.031738437712192535,
            -38.23553466796875,
            0.10532962530851364,
            -0.9925597906112671,
            -0.06109853833913803,
            -100.57674407958984,
            -0.0251763928681612,
            -0.06408250331878662,
            0.9976286888122559,
            -4.683510780334473,
            0.0,
            0.0,
            0.0,
            1.0
        ],
        "fitness_score": 0.25964592841912587
    },
    "1720703841.600158": {
        "final_transformation": [
            -0.9935320019721985,
            -0.10914112627506256,
            -0.03136854246258736,
            -38.813350677490234,
            0.11081583797931671,
            -0.992160975933075,
            -0.057772841304540634,
            -103.5849380493164,
            -0.024817492812871933,
            -0.06087569147348404,
            0.9978377819061279,
            -4.81593656539917,
            0.0,
            0.0,
            0.0,
            1.0
        ],
        "fitness_score": 0.24642634334346755
    },
    "1720703841.900139": {
        "final_transformation": [
            -0.9928388595581055,
            -0.11458774656057358,
            -0.03379461541771889,
            -39.41994857788086,
            0.1164899691939354,
            -0.9913161993026733,
            -0.061000239104032516,
            -106.60469818115234,
            -0.0265115424990654,
            -0.06450057774782181,
            0.9975672364234924,
            -4.915683746337891,
            0.0,
            0.0,
            0.0,
            1.0
        ],
        "fitness_score": 0.243759602874992
    },
    "1720703842.200125": {
        "final_transformation": [
            -0.9921417236328125,
            -0.11882659047842026,
            -0.03918081149458885,
            -40.17517852783203,
            0.1210915818810463,
            -0.9907286167144775,
            -0.061592843383550644,
            -110.14971160888672,
            -0.03149893879890442,
            -0.06585373729467392,
            0.9973336458206177,
            -5.074311256408691,
            0.0,
            0.0,
            0.0,
            1.0
        ],
        "fitness_score": 0.23175408578320209
    },
    "1720703842.500170": {
        "final_transformation": [
            -0.9921010136604309,
            -0.11802178621292114,
            -0.0425172820687294,
            -40.6623420715332,
            0.12056931108236313,
            -0.9906834363937378,
            -0.06333446502685547,
            -112.6495590209961,
            -0.03464651480317116,
            -0.06796079128980637,
            0.9970883727073669,
            -5.166945457458496,
            0.0,
            0.0,
            0.0,
            1.0
        ],
        "fitness_score": 0.20818142395132275
    },
    "1720703842.800071": {
        "final_transformation": [
            -0.9926334023475647,
            -0.11367205530405045,
            -0.041992079466581345,
            -41.237022399902344,
            0.11630485206842422,
            -0.9909745454788208,
            -0.06667149811983109,
            -115.59546661376953,
            -0.03403451666235924,
            -0.07106436043977737,
            0.9968934059143066,
            -5.297008514404297,
            0.0,
            0.0,
            0.0,
            1.0
        ],
        "fitness_score": 0.18594859133366112
    },
    "1720703843.100104": {
        "final_transformation": [
            -0.9930629134178162,
            -0.11054989695549011,
            -0.04006489738821983,
            -41.8240852355957,
            0.11306197941303253,
            -0.9913232922554016,
            -0.06705274432897568,
            -118.66548156738281,
            -0.0323047935962677,
            -0.07111768424510956,
            0.9969453811645508,
            -5.431471347808838,
            0.0,
            0.0,
            0.0,
            1.0
        ],
        "fitness_score": 0.1649604300332892
    },
    "1720703843.400146": {
        "final_transformation": [
            -0.9932733774185181,
            -0.1082163006067276,
            -0.04120415076613426,
            -42.43021774291992,
            0.11077699810266495,
            -0.9916561841964722,
            -0.06592121720314026,
            -121.91070556640625,
            -0.033726777881383896,
            -0.07004263252019882,
            0.996974527835846,
            -5.571499347686768,
            0.0,
            0.0,
            0.0,
            1.0
        ],
        "fitness_score": 0.18308022925696238
    },
    "1720703843.694782": {
        "final_transformation": [
            -0.9936697483062744,
            -0.1042487770318985,
            -0.04187830910086632,
            -42.98250198364258,
            0.10685925930738449,
            -0.9920946359634399,
            -0.06580205261707306,
            -124.8763656616211,
            -0.03468761220574379,
            -0.06986094266176224,
            0.9969530701637268,
            -5.716560363769531,
            0.0,
            0.0,
            0.0,
            1.0
        ],
        "fitness_score": 0.18808983788987163
    },
    "1720703844.000041": {
        "final_transformation": [
            -0.9941259026527405,
            -0.1001046821475029,
            -0.041179873049259186,
            -43.51492691040039,
            0.10264859348535538,
            -0.992588222026825,
            -0.06508047878742218,
            -127.7322769165039,
            -0.034359823912382126,
            -0.06892532855272293,
            0.9970306158065796,
            -5.852334976196289,
            0.0,
            0.0,
            0.0,
            1.0
        ],
        "fitness_score": 0.19866623671081451
    }
}