{
    "1720754254.400135": {
        "final_transformation": [
            0.9982481598854065,
            -0.05900578945875168,
            0.004601026885211468,
            0.4789872169494629,
            0.05897754058241844,
            0.9982444047927856,
            0.005463134963065386,
            100.51739501953125,
            -0.004915343597531319,
            -0.005182668566703796,
            0.9999772310256958,
            3.300795793533325,
            0.0,
            0.0,
            0.0,
            1.0
        ],
        "fitness_score": 0.16770640852332608
    },
    "1720754254.700155": {
        "final_transformation": [
            0.998680055141449,
            -0.051354557275772095,
            0.0015335959615185857,
            0.4803534150123596,
            0.05134279280900955,
            0.9986667037010193,
            0.005463768262416124,
            102.16810607910156,
            -0.0018121612956747413,
            -0.005378288216888905,
            0.9999854564666748,
            3.3649861812591553,
            0.0,
            0.0,
            0.0,
            1.0
        ],
        "fitness_score": 0.1565708444422895
    },
    "1720754255.000060": {
        "final_transformation": [
            0.9989774227142334,
            -0.04517413303256035,
            0.0030565422493964434,
            0.6100413799285889,
            0.04516875743865967,
            0.9989814162254333,
            0.001137330662459135,
            103.42305755615234,
            -0.003104862989857793,
            -0.000998576171696186,
            0.9999969005584717,
            3.40145206451416,
            0.0,
            0.0,
            0.0,
            1.0
        ],
        "fitness_score": 0.17175245688568358
    },
    "1720754255.299955": {
        "final_transformation": [
            0.999210774898529,
            -0.039491310715675354,
            0.005024328362196684,
            0.7196823954582214,
            0.03948117047548294,
            0.9992223381996155,
            0.0012406290043145418,
            104.7477798461914,
            -0.00506950356066227,
            -0.0010417613666504622,
            0.9999890327453613,
            3.4445438385009766,
            0.0,
            0.0,
            0.0,
            1.0
        ],
        "fitness_score": 0.1926343150482715
    },
    "1720754255.599762": {
        "final_transformation": [
            0.9993826746940613,
            -0.034996483474969864,
            0.0035481895320117474,
            0.740445077419281,
            0.034998901188373566,
            0.9993880391120911,
            -0.001589354476891458,
            106.35142517089844,
            -0.0034904892090708017,
            0.001712089404463768,
            0.9999935626983643,
            3.47912335395813,
            0.0,
            0.0,
            0.0,
            1.0
        ],
        "fitness_score": 0.2018801235614799
    },
    "1720754255.900144": {
        "final_transformation": [
            0.9994813799858093,
            -0.03108835220336914,
            0.008504593744874,
            0.7639696598052979,
            0.031088219955563545,
            0.9995182752609253,
            -0.00025708231260068715,
            107.55937194824219,
            -0.008492610417306423,
            0.0005208679940551519,
            0.9999648332595825,
            3.564208507537842,
            0.0,
            0.0,
            0.0,
            1.0
        ],
        "fitness_score": 0.1624507216998049
    },
    "1720754256.200171": {
        "final_transformation": [
            0.9995397329330444,
            -0.02945614606142044,
            0.007544822990894318,
            0.7843381762504578,
            0.029466252774000168,
            0.999567449092865,
            -0.0014527265448123217,
            108.89768981933594,
            -0.0074988240376114845,
            0.0016739006387069821,
            0.9999727010726929,
            3.6356847286224365,
            0.0,
            0.0,
            0.0,
            1.0
        ],
        "fitness_score": 0.15692327755662125
    },
    "1720754256.500107": {
        "final_transformation": [
            0.99955153465271,
            -0.02862672135233879,
            0.008816423825919628,
            0.8157268762588501,
            0.02864871174097061,
            0.9995878338813782,
            -0.0026906440034508705,
            109.70764923095703,
            -0.008735871873795986,
            0.00294154928997159,
            0.9999595284461975,
            3.6707608699798584,
            0.0,
            0.0,
            0.0,
            1.0
        ],
        "fitness_score": 0.16684631119449178
    },
    "1720754256.799920": {
        "final_transformation": [
            0.9995817542076111,
            -0.028302770107984543,
            0.005956947337836027,
            0.8626037836074829,
            0.028313593938946724,
            0.9995977878570557,
            -0.0021282494999468327,
            110.8150405883789,
            -0.005894402042031288,
            0.0022954996675252914,
            0.9999810457229614,
            3.7130916118621826,
            0.0,
            0.0,
            0.0,
            1.0
        ],
        "fitness_score": 0.1699733173014934
    },
    "1720754257.099418": {
        "final_transformation": [
            0.9995962977409363,
            -0.027668552473187447,
            0.006732863374054432,
            0.8891295194625854,
            0.027680790051817894,
            0.9996157884597778,
            -0.0021609156392514706,
            111.58747863769531,
            -0.006670558825135231,
            0.002345913089811802,
            0.999976634979248,
            3.743335485458374,
            0.0,
            0.0,
            0.0,
            1.0
        ],
        "fitness_score": 0.16496856043513541
    },
    "1720754257.400126": {
        "final_transformation": [
            0.9996801018714905,
            -0.024730155244469643,
            0.005549061577767134,
            1.0007960796356201,
            0.02473238669335842,
            0.9996947646141052,
            -0.000932140916120261,
            112.36471557617188,
            -0.005524419713765383,
            0.001068617682904005,
            0.9999856352806091,
            3.7730607986450195,
            0.0,
            0.0,
            0.0,
            1.0
        ],
        "fitness_score": 0.16108410124865305
    },
    "1720754257.700143": {
        "final_transformation": [
            0.999738335609436,
            -0.022692162543535233,
            0.0034197887871414423,
            1.0657879114151,
            0.022685598582029343,
            0.9997431635856628,
            0.0011003778781741858,
            113.14925384521484,
            -0.003443981520831585,
            -0.0010230208281427622,
            0.9999961256980896,
            3.7892327308654785,
            0.0,
            0.0,
            0.0,
            1.0
        ],
        "fitness_score": 0.15317889164901047
    },
    "1720754258.000193": {
        "final_transformation": [
            0.9997872710227966,
            -0.02057505026459694,
            0.003275178372859955,
            1.1031310558319092,
            0.020568471401929855,
            0.999791145324707,
            0.0013307704357430339,
            113.8445816040039,
            -0.0033019527327269316,
            -0.0012635613093152642,
            0.9999968409538269,
            3.8090569972991943,
            0.0,
            0.0,
            0.0,
            1.0
        ],
        "fitness_score": 0.15273392166465014
    },
    "1720754258.300118": {
        "final_transformation": [
            0.9998105764389038,
            -0.019455742090940475,
            0.002402951940894127,
            1.128063440322876,
            0.01944757252931595,
            0.9998123645782471,
            0.0016860415926203132,
            114.4079360961914,
            -0.0024354003835469484,
            -0.0016394585836678743,
            0.999998152256012,
            3.830345630645752,
            0.0,
            0.0,
            0.0,
            1.0
        ],
        "fitness_score": 0.15214073146712545
    },
    "1720754258.600187": {
        "final_transformation": [
            0.9998331665992737,
            -0.0181038249284029,
            0.0032166815362870693,
            1.1603387594223022,
            0.018095072358846664,
            0.9998365640640259,
            0.001917261746712029,
            114.90640258789063,
            -0.003250927897170186,
            -0.0018592654960229993,
            0.9999958276748657,
            3.850304365158081,
            0.0,
            0.0,
            0.0,
            1.0
        ],
        "fitness_score": 0.15507704412130088
    },
    "1720754258.900228": {
        "final_transformation": [
            0.9998369216918945,
            -0.01784510537981987,
            0.0033285911194980145,
            1.1483440399169922,
            0.017838003113865852,
            0.9998417496681213,
            0.0012352834455668926,
            115.38253021240234,
            -0.003350180806592107,
            -0.0011762233916670084,
            0.9999955296516418,
            3.878584384918213,
            0.0,
            0.0,
            0.0,
            1.0
        ],
        "fitness_score": 0.1485554236165111
    },
    "1720754259.199045": {
        "final_transformation": [
            0.9998456835746765,
            -0.01708921417593956,
            0.004486634396016598,
            1.1774953603744507,
            0.017079826444387436,
            0.9998547434806824,
            0.001522277481853962,
            115.642578125,
            -0.0045120795257389545,
            -0.0014459090307354927,
            0.9999908208847046,
            3.8857951164245605,
            0.0,
            0.0,
            0.0,
            1.0
        ],
        "fitness_score": 0.15078987303002384
    },
    "1720754259.500113": {
        "final_transformation": [
            0.9998559355735779,
            -0.016592962667346,
            0.003905440680682659,
            1.206197738647461,
            0.0165823046118021,
            0.9998612999916077,
            0.0019047907553613186,
            115.95526123046875,
            -0.003936552442610264,
            -0.0018402086570858955,
            0.9999926090240479,
            3.9058640003204346,
            0.0,
            0.0,
            0.0,
            1.0
        ],
        "fitness_score": 0.15352443144741096
    },
    "1720754259.800056": {
        "final_transformation": [
            0.9998617172241211,
            -0.015988953411579132,
            0.004994329065084457,
            1.2088382244110107,
            0.015979595482349396,
            0.9998727440834045,
            0.0013731219805777073,
            116.14108276367188,
            -0.005015691742300987,
            -0.0012935862177982926,
            0.9999881386756897,
            3.9191222190856934,
            0.0,
            0.0,
            0.0,
            1.0
        ],
        "fitness_score": 0.15254762673669148
    },
    "1720754260.100151": {
        "final_transformation": [
            0.999880313873291,
            -0.01486631203442812,
            0.004796911962330341,
            1.240384578704834,
            0.01485779881477356,
            0.9998899102210999,
            0.0013573149917647243,
            116.29532623291016,
            -0.004816601052880287,
            -0.0012863697484135628,
            0.9999903440475464,
            3.930642604827881,
            0.0,
            0.0,
            0.0,
            1.0
        ],
        "fitness_score": 0.1514963684732175
    },
    "1720754260.400025": {
        "final_transformation": [
            0.9998871088027954,
            -0.014402508735656738,
            0.004991782829165459,
            1.256807565689087,
            0.014395960606634617,
            0.9998984336853027,
            0.0009303083643317223,
            116.38878631591797,
            -0.00500470818951726,
            -0.0008587852935306728,
            0.999988317489624,
            3.9280121326446533,
            0.0,
            0.0,
            0.0,
            1.0
        ],
        "fitness_score": 0.1562577438235064
    },
    "1720754260.700130": {
        "final_transformation": [
            0.9998918771743774,
            -0.014256006106734276,
            0.004324414301663637,
            1.2570213079452515,
            0.01425089593976736,
            0.9999012351036072,
            0.0006572639686055481,
            116.40865325927734,
            -0.004333406686782837,
            -0.0005960612907074392,
            0.999993622303009,
            3.926753044128418,
            0.0,
            0.0,
            0.0,
            1.0
        ],
        "fitness_score": 0.15580822692126398
    },
    "1720754261.000143": {
        "final_transformation": [
            0.9998913407325745,
            -0.014226086437702179,
            0.004463073797523975,
            1.2543070316314697,
            0.014228148385882378,
            0.9999006390571594,
            -0.0010537395719438791,
            116.3914794921875,
            -0.004447705578058958,
            0.0011166502954438329,
            0.9999908208847046,
            3.9312784671783447,
            0.0,
            0.0,
            0.0,
            1.0
        ],
        "fitness_score": 0.15615945205797327
    },
    "1720754261.600149": {
        "final_transformation": [
            0.9998903870582581,
            -0.014353076927363873,
            0.0045223659835755825,
            1.2511345148086548,
            0.014354409649968147,
            0.9999001026153564,
            -0.0009746070136316121,
            116.37287902832031,
            -0.00450794817879796,
            0.0010389818344265223,
            0.999992311000824,
            3.930402994155884,
            0.0,
            0.0,
            0.0,
            1.0
        ],
        "fitness_score": 0.15398999433233165
    },
    "1720754261.900131": {
        "final_transformation": [
            0.9998915791511536,
            -0.014253627508878708,
            0.004441447556018829,
            1.2575244903564453,
            0.01425335556268692,
            0.999901533126831,
            -0.0008322421344928443,
            116.37003326416016,
            -0.004429221618920565,
            0.0008949888870120049,
            0.9999925494194031,
            3.9370806217193604,
            0.0,
            0.0,
            0.0,
            1.0
        ],
        "fitness_score": 0.1577068688150418
    },
    "1720754262.200187": {
        "final_transformation": [
            0.999889075756073,
            -0.014385213144123554,
            0.004370168782770634,
            1.2612547874450684,
            0.01438531931489706,
            0.9998975992202759,
            -0.0007607046281918883,
            116.39125061035156,
            -0.004358839709311724,
            0.0008230191306211054,
            0.9999917149543762,
            3.9314658641815186,
            0.0,
            0.0,
            0.0,
            1.0
        ],
        "fitness_score": 0.15849810466326364
    },
    "1720754262.500206": {
        "final_transformation": [
            0.9998847842216492,
            -0.014739074744284153,
            0.004307911731302738,
            1.2470252513885498,
            0.014739344827830791,
            0.9998935461044312,
            -0.0009270686423406005,
            116.38861846923828,
            -0.004293845035135746,
            0.0009899657452479005,
            0.9999923706054688,
            3.930805206298828,
            0.0,
            0.0,
            0.0,
            1.0
        ],
        "fitness_score": 0.16019936647287217
    },
    "1720754262.800173": {
        "final_transformation": [
            0.9998863339424133,
            -0.01461849920451641,
            0.004424023441970348,
            1.2442567348480225,
            0.014618776738643646,
            0.9998950958251953,
            -0.001025762059725821,
            116.39234161376953,
            -0.004408601671457291,
            0.0010898488108068705,
            0.999991238117218,
            3.930596351623535,
            0.0,
            0.0,
            0.0,
            1.0
        ],
        "fitness_score": 0.16030609591751152
    },
    "1720754263.100178": {
        "final_transformation": [
            0.999883770942688,
            -0.01473897136747837,
            0.004751965869218111,
            1.2312965393066406,
            0.014740063808858395,
            0.9998942613601685,
            -0.0008925825241021812,
            116.39409637451172,
            -0.004738336428999901,
            0.0009620441123843193,
            0.9999909996986389,
            3.934884548187256,
            0.0,
            0.0,
            0.0,
            1.0
        ],
        "fitness_score": 0.1565002018615274
    },
    "1720754263.400144": {
        "final_transformation": [
            0.9998860359191895,
            -0.014704144559800625,
            0.0040412344969809055,
            1.239274024963379,
            0.014704141765832901,
            0.9998924732208252,
            -0.0006232853629626334,
            116.39765167236328,
            -0.0040317103266716,
            0.0006821558345109224,
            0.9999933242797852,
            3.9232959747314453,
            0.0,
            0.0,
            0.0,
            1.0
        ],
        "fitness_score": 0.1594809636732541
    },
    "1720754263.700217": {
        "final_transformation": [
            0.9998915195465088,
            -0.014483993873000145,
            0.0032165010925382376,
            1.2441527843475342,
            0.014483300037682056,
            0.9998966455459595,
            -0.0009746061405166984,
            116.40260314941406,
            -0.0032021079678088427,
            0.0010205927537754178,
            0.9999959468841553,
            3.918152093887329,
            0.0,
            0.0,
            0.0,
            1.0
        ],
        "fitness_score": 0.16063233994613077
    },
    "1720754264.000194": {
        "final_transformation": [
            0.9998886585235596,
            -0.01463934313505888,
            0.003565331222489476,
            1.233896255493164,
            0.014639810658991337,
            0.9998936057090759,
            -0.000796291686128825,
            116.40951538085938,
            -0.003553360002115369,
            0.000847886607516557,
            0.9999961256980896,
            3.926614284515381,
            0.0,
            0.0,
            0.0,
            1.0
        ],
        "fitness_score": 0.1610787983452392
    },
    "1720754264.300106": {
        "final_transformation": [
            0.9998745918273926,
            -0.015627222135663033,
            0.0030456637032330036,
            1.1878273487091064,
            0.01562647335231304,
            0.9998784065246582,
            -0.000835680402815342,
            116.45882415771484,
            -0.003032343927770853,
            0.0008826362900435925,
            0.9999963045120239,
            3.9104909896850586,
            0.0,
            0.0,
            0.0,
            1.0
        ],
        "fitness_score": 0.17006700849668682
    },
    "1720754264.900044": {
        "final_transformation": [
            0.9998668432235718,
            -0.016158191487193108,
            0.002890124451369047,
            1.1827435493469238,
            0.01615879312157631,
            0.9998700022697449,
            -0.0008888583397492766,
            116.38640594482422,
            -0.0028754547238349915,
            0.0009349676547572017,
            0.9999973773956299,
            3.9024970531463623,
            0.0,
            0.0,
            0.0,
            1.0
        ],
        "fitness_score": 0.16186137052443117
    },
    "1720754265.200129": {
        "final_transformation": [
            0.9998767375946045,
            -0.0156516395509243,
            0.0029684752225875854,
            1.229274034500122,
            0.01565094105899334,
            0.9998793601989746,
            -0.0011229070369154215,
            116.40579986572266,
            -0.00295060221105814,
            0.0011687696678563952,
            0.9999969005584717,
            3.9062821865081787,
            0.0,
            0.0,
            0.0,
            1.0
        ],
        "fitness_score": 0.16154604917574064
    }
}