{
    "1720754430.600099": {
        "final_transformation": [
            0.999972939491272,
            -0.0026385043747723103,
            0.006995776668190956,
            2.3050732612609863,
            0.002646239474415779,
            0.9999960660934448,
            -0.0014194616815075278,
            136.50421142578125,
            -0.006992099806666374,
            0.001437500468455255,
            0.9999752640724182,
            4.682950496673584,
            0.0,
            0.0,
            0.0,
            1.0
        ],
        "fitness_score": 0.17566068191187525
    },
    "1720754431.200056": {
        "final_transformation": [
            0.9999709129333496,
            -0.00325035466812551,
            0.007087781094014645,
            2.33156681060791,
            0.0032584357541054487,
            0.9999954104423523,
            -0.0014435460325330496,
            136.93202209472656,
            -0.007083128672093153,
            0.0014662017347291112,
            0.9999744296073914,
            4.682027816772461,
            0.0,
            0.0,
            0.0,
            1.0
        ],
        "fitness_score": 0.17260281834228577
    },
    "1720754431.500030": {
        "final_transformation": [
            0.9999733567237854,
            -0.0033167090732604265,
            0.006732964422553778,
            2.346832513809204,
            0.003326109843328595,
            0.9999951124191284,
            -0.0015888678608462214,
            137.07928466796875,
            -0.006727683823555708,
            0.0016107646515592933,
            0.9999762773513794,
            4.683799743652344,
            0.0,
            0.0,
            0.0,
            1.0
        ],
        "fitness_score": 0.1749970929639481
    },
    "1720754432.100096": {
        "final_transformation": [
            0.9999788403511047,
            -0.0027773843612521887,
            0.006260139402002096,
            2.371938943862915,
            0.0027894973754882813,
            0.9999953508377075,
            -0.002056263852864504,
            137.4527587890625,
            -0.006254435051232576,
            0.0020732376724481583,
            0.9999802112579346,
            4.681190013885498,
            0.0,
            0.0,
            0.0,
            1.0
        ],
        "fitness_score": 0.17605802987304606
    },
    "1720754432.400006": {
        "final_transformation": [
            0.9999788403511047,
            -0.0028660038951784372,
            0.006299779284745455,
            2.3823904991149902,
            0.0028790479991585016,
            0.9999948143959045,
            -0.0022172844037413597,
            137.51498413085938,
            -0.006293455604463816,
            0.0022349494975060225,
            0.9999783039093018,
            4.6810078620910645,
            0.0,
            0.0,
            0.0,
            1.0
        ],
        "fitness_score": 0.1763682851474448
    },
    "1720754432.998804": {
        "final_transformation": [
            0.9999755024909973,
            -0.003436833852902055,
            0.006358275655657053,
            2.3934383392333984,
            0.003447355004027486,
            0.9999934434890747,
            -0.002037474885582924,
            137.6595001220703,
            -0.006351334508508444,
            0.002058878540992737,
            0.9999797344207764,
            4.679548263549805,
            0.0,
            0.0,
            0.0,
            1.0
        ],
        "fitness_score": 0.18004748337480533
    },
    "1720754433.300085": {
        "final_transformation": [
            0.9999778866767883,
            -0.003472645068541169,
            0.006191652733832598,
            2.409337043762207,
            0.0034832742530852556,
            0.9999933242797852,
            -0.002180661540478468,
            137.7120819091797,
            -0.006184058729559183,
            0.0022017587907612324,
            0.9999797344207764,
            4.67775821685791,
            0.0,
            0.0,
            0.0,
            1.0
        ],
        "fitness_score": 0.18607066252875212
    },
    "1720754434.200148": {
        "final_transformation": [
            0.9999772906303406,
            -0.00294077699072659,
            0.0064222910441458225,
            2.3747711181640625,
            0.002956216922029853,
            0.9999942183494568,
            -0.0024802605621516705,
            137.77545166015625,
            -0.0064150081016123295,
            0.00249879970215261,
            0.999976396560669,
            4.671113014221191,
            0.0,
            0.0,
            0.0,
            1.0
        ],
        "fitness_score": 0.1861354540042492
    },
    "1720754434.500123": {
        "final_transformation": [
            0.9999757409095764,
            -0.00308990222401917,
            0.006407318636775017,
            2.382385730743408,
            0.0031044017523527145,
            0.9999932646751404,
            -0.0026292677503079176,
            137.7709503173828,
            -0.00639922684058547,
            0.002648675348609686,
            0.9999760389328003,
            4.669510841369629,
            0.0,
            0.0,
            0.0,
            1.0
        ],
        "fitness_score": 0.1839388215795672
    },
    "1720754434.800159": {
        "final_transformation": [
            0.999976634979248,
            -0.002982429228723049,
            0.006328620947897434,
            2.3783907890319824,
            0.002997743431478739,
            0.9999926686286926,
            -0.0027022934518754482,
            137.71630859375,
            -0.006320549175143242,
            0.002720775082707405,
            0.9999762177467346,
            4.6694135665893555,
            0.0,
            0.0,
            0.0,
            1.0
        ],
        "fitness_score": 0.1760015726457202
    },
    "1720754435.100175": {
        "final_transformation": [
            0.9999760389328003,
            -0.002975701354444027,
            0.006277719512581825,
            2.3848471641540527,
            0.0029945301357656717,
            0.9999906420707703,
            -0.0032766552176326513,
            137.708984375,
            -0.006267971359193325,
            0.003294992260634899,
            0.9999749660491943,
            4.670380592346191,
            0.0,
            0.0,
            0.0,
            1.0
        ],
        "fitness_score": 0.17319034594766167
    },
    "1720754435.400154": {
        "final_transformation": [
            0.9999768137931824,
            -0.003051426727324724,
            0.00647621089592576,
            2.380021095275879,
            0.00307216914370656,
            0.9999909400939941,
            -0.003379661124199629,
            137.76168823242188,
            -0.006465910002589226,
            0.0033990833908319473,
            0.9999731183052063,
            4.669013023376465,
            0.0,
            0.0,
            0.0,
            1.0
        ],
        "fitness_score": 0.17709145910520166
    },
    "1720754435.699825": {
        "final_transformation": [
            0.9999741911888123,
            -0.0029548739548772573,
            0.006620458327233791,
            2.376044273376465,
            0.00297593348659575,
            0.9999896883964539,
            -0.003530345391482115,
            137.8213348388672,
            -0.006610042881220579,
            0.0035495669580996037,
            0.9999709129333496,
            4.671810626983643,
            0.0,
            0.0,
            0.0,
            1.0
        ],
        "fitness_score": 0.17941925647416374
    },
    "1720754436.299095": {
        "final_transformation": [
            0.9999749660491943,
            -0.002911362098529935,
            0.006725838873535395,
            2.4038610458374023,
            0.0029340554028749466,
            0.9999896287918091,
            -0.0039041463751345873,
            138.017822265625,
            -0.006714466959238052,
            0.003923344425857067,
            0.9999712705612183,
            4.6859846115112305,
            0.0,
            0.0,
            0.0,
            1.0
        ],
        "fitness_score": 0.17335941531920912
    },
    "1720754436.900049": {
        "final_transformation": [
            0.9999700784683228,
            -0.0035887479316443205,
            0.007070242427289486,
            2.4191417694091797,
            0.0036149518564343452,
            0.9999871850013733,
            -0.0039562345482409,
            138.23313903808594,
            -0.007056055124849081,
            0.003981181886047125,
            0.9999696016311646,
            4.7024664878845215,
            0.0,
            0.0,
            0.0,
            1.0
        ],
        "fitness_score": 0.158178504297037
    },
    "1720754437.199782": {
        "final_transformation": [
            0.9999677538871765,
            -0.0035476083867251873,
            0.007210905198007822,
            2.4456727504730225,
            0.00357558554969728,
            0.9999851584434509,
            -0.004193572793155909,
            138.55386352539063,
            -0.007196013815701008,
            0.0042187427170574665,
            0.9999673962593079,
            4.704133033752441,
            0.0,
            0.0,
            0.0,
            1.0
        ],
        "fitness_score": 0.1697413489334392
    },
    "1720754437.499580": {
        "final_transformation": [
            0.9999578595161438,
            -0.004308564588427544,
            0.00829942338168621,
            2.434983730316162,
            0.004349663853645325,
            0.9999783635139465,
            -0.005352033767849207,
            138.84986877441406,
            -0.008276309818029404,
            0.005387396086007357,
            0.9999542832374573,
            4.709233283996582,
            0.0,
            0.0,
            0.0,
            1.0
        ],
        "fitness_score": 0.17480627237207128
    },
    "1720754437.800024": {
        "final_transformation": [
            0.9999493360519409,
            -0.004318490158766508,
            0.00935985054820776,
            2.457522392272949,
            0.0043806470930576324,
            0.9999699592590332,
            -0.006975371856242418,
            139.4850616455078,
            -0.009329558350145817,
            0.007015497889369726,
            0.9999344944953918,
            4.7332329750061035,
            0.0,
            0.0,
            0.0,
            1.0
        ],
        "fitness_score": 0.18980184672485087
    },
    "1720754438.100085": {
        "final_transformation": [
            0.9999299049377441,
            -0.008141105063259602,
            0.008841998875141144,
            2.4696977138519287,
            0.008193589746952057,
            0.99994957447052,
            -0.006268404424190521,
            139.594970703125,
            -0.00879066064953804,
            0.00633991276845336,
            0.9999440312385559,
            4.746395587921143,
            0.0,
            0.0,
            0.0,
            1.0
        ],
        "fitness_score": 0.15640326297888654
    },
    "1720754438.400066": {
        "final_transformation": [
            0.9999449849128723,
            -0.0076581924222409725,
            0.007340813986957073,
            2.512651205062866,
            0.007701396942138672,
            0.9999533295631409,
            -0.0060704536736011505,
            140.51071166992188,
            -0.007294070441275835,
            0.00612619100138545,
            0.9999566078186035,
            4.776582717895508,
            0.0,
            0.0,
            0.0,
            1.0
        ],
        "fitness_score": 0.1800153208836589
    },
    "1720754439.599831": {
        "final_transformation": [
            0.9999668002128601,
            -0.004276749677956104,
            0.007166692521423101,
            2.806840658187866,
            0.004326445981860161,
            0.9999664425849915,
            -0.007163467817008495,
            143.80819702148438,
            -0.007135895546525717,
            0.007193761877715588,
            0.9999507665634155,
            4.941630840301514,
            0.0,
            0.0,
            0.0,
            1.0
        ],
        "fitness_score": 0.19327358347311085
    },
    "1720754439.900146": {
        "final_transformation": [
            0.9999621510505676,
            -0.0037680917885154486,
            0.008026830852031708,
            2.864668369293213,
            0.0038363831117749214,
            0.999957263469696,
            -0.008604860864579678,
            144.74778747558594,
            -0.007994169369339943,
            0.008634797297418118,
            0.9999343752861023,
            4.982175827026367,
            0.0,
            0.0,
            0.0,
            1.0
        ],
        "fitness_score": 0.19089649985842594
    },
    "1720754440.200114": {
        "final_transformation": [
            0.9999603629112244,
            -0.0058757769875228405,
            0.006808289792388678,
            2.9460341930389404,
            0.005951412953436375,
            0.9999186396598816,
            -0.011425899341702461,
            145.89283752441406,
            -0.006740727461874485,
            0.011465433984994888,
            0.9999136924743652,
            5.040328025817871,
            0.0,
            0.0,
            0.0,
            1.0
        ],
        "fitness_score": 0.201891790025576
    },
    "1720754440.500064": {
        "final_transformation": [
            0.999955952167511,
            -0.008487937040627003,
            0.004366662818938494,
            3.028177261352539,
            0.008525843732059002,
            0.9999202489852905,
            -0.009519318118691444,
            146.8791046142578,
            -0.00428567873314023,
            0.009555621072649956,
            0.9999462366104126,
            5.090846538543701,
            0.0,
            0.0,
            0.0,
            1.0
        ],
        "fitness_score": 0.18970559427915118
    },
    "1720754440.799989": {
        "final_transformation": [
            0.9999262094497681,
            -0.011139428243041039,
            0.00516889151185751,
            3.0640769004821777,
            0.011172709055244923,
            0.9999143481254578,
            -0.007162764668464661,
            147.7474822998047,
            -0.005088725592941046,
            0.007219468243420124,
            0.999965250492096,
            5.170647144317627,
            0.0,
            0.0,
            0.0,
            1.0
        ],
        "fitness_score": 0.16758950711732512
    },
    "1720754441.100059": {
        "final_transformation": [
            0.999897837638855,
            -0.013068869709968567,
            0.006278088316321373,
            3.1244776248931885,
            0.013096936047077179,
            0.9999054074287415,
            -0.004842252936214209,
            149.08078002929688,
            -0.006214298773556948,
            0.004923498257994652,
            0.9999725818634033,
            5.237300395965576,
            0.0,
            0.0,
            0.0,
            1.0
        ],
        "fitness_score": 0.17553877892021802
    },
    "1720754441.400028": {
        "final_transformation": [
            0.9999015927314758,
            -0.013669831678271294,
            0.003780266735702753,
            3.223670482635498,
            0.013700357638299465,
            0.9998672604560852,
            -0.009069668129086494,
            150.6000518798828,
            -0.003655923530459404,
            0.009120131842792034,
            0.9999523758888245,
            5.287680149078369,
            0.0,
            0.0,
            0.0,
            1.0
        ],
        "fitness_score": 0.19613339133972496
    },
    "1720754441.699793": {
        "final_transformation": [
            0.9998599290847778,
            -0.016493631526827812,
            0.002741240430623293,
            3.3217084407806396,
            0.016519363969564438,
            0.9998027086257935,
            -0.01098963525146246,
            151.69949340820313,
            -0.0025595631450414658,
            0.0110328933224082,
            0.9999369382858276,
            5.331696033477783,
            0.0,
            0.0,
            0.0,
            1.0
        ],
        "fitness_score": 0.22436839107835946
    },
    "1720754441.999944": {
        "final_transformation": [
            0.9997869729995728,
            -0.019138414412736893,
            0.007806567009538412,
            3.379108428955078,
            0.019216246902942657,
            0.9997632503509521,
            -0.01033006701618433,
            153.00897216796875,
            -0.007607171777635813,
            0.010477382689714432,
            0.9999178051948547,
            5.406525611877441,
            0.0,
            0.0,
            0.0,
            1.0
        ],
        "fitness_score": 0.1873325627469844
    },
    "1720754442.300166": {
        "final_transformation": [
            0.9997592568397522,
            -0.020966187119483948,
            0.006669898983091116,
            3.443470001220703,
            0.021019652485847473,
            0.9997446537017822,
            -0.0084516117349267,
            154.44192504882813,
            -0.00649108923971653,
            0.008589307777583599,
            0.9999432563781738,
            5.4634175300598145,
            0.0,
            0.0,
            0.0,
            1.0
        ],
        "fitness_score": 0.19946437568137118
    },
    "1720754442.899819": {
        "final_transformation": [
            0.9997053146362305,
            -0.022939492017030716,
            0.008159338496625423,
            3.503413200378418,
            0.02301531843841076,
            0.9996910691261292,
            -0.0095977783203125,
            157.1714324951172,
            -0.007936742156744003,
            0.009782356210052967,
            0.9999229907989502,
            5.596608638763428,
            0.0,
            0.0,
            0.0,
            1.0
        ],
        "fitness_score": 0.21368588136619238
    },
    "1720754443.200103": {
        "final_transformation": [
            0.999711275100708,
            -0.022472091019153595,
            0.008478831499814987,
            3.58074688911438,
            0.022567974403500557,
            0.9996777176856995,
            -0.011692237108945847,
            158.70034790039063,
            -0.008213413879275322,
            0.01187966950237751,
            0.9998996257781982,
            5.7003583908081055,
            0.0,
            0.0,
            0.0,
            1.0
        ],
        "fitness_score": 0.20773239883272923
    },
    "1720754443.798902": {
        "final_transformation": [
            0.9996704459190369,
            -0.02330230176448822,
            0.010836874134838581,
            3.7346229553222656,
            0.023476717993617058,
            0.9995867013931274,
            -0.01658371277153492,
            160.83804321289063,
            -0.01044610794633627,
            0.01683214120566845,
            0.9998056888580322,
            5.810904026031494,
            0.0,
            0.0,
            0.0,
            1.0
        ],
        "fitness_score": 0.2429580385267222
    },
    "1720754444.098995": {
        "final_transformation": [
            0.9995446801185608,
            -0.025330640375614166,
            0.016491759568452835,
            3.7802412509918213,
            0.025608686730265617,
            0.9995278120040894,
            -0.017117349430918694,
            162.9554901123047,
            -0.016050485894083977,
            0.017531447112560272,
            0.9997174143791199,
            5.904818534851074,
            0.0,
            0.0,
            0.0,
            1.0
        ],
        "fitness_score": 0.2756257072967901
    },
    "1720754444.400162": {
        "final_transformation": [
            0.9995291829109192,
            -0.027536598965525627,
            0.013678229413926601,
            3.7980945110321045,
            0.027716411277651787,
            0.9995276927947998,
            -0.013322599232196808,
            163.95750427246094,
            -0.013305066153407097,
            0.013694963417947292,
            0.9998198747634888,
            5.971224784851074,
            0.0,
            0.0,
            0.0,
            1.0
        ],
        "fitness_score": 0.2526323366342064
    },
    "1720754444.697802": {
        "final_transformation": [
            0.9993077516555786,
            -0.03179464489221573,
            0.019473852589726448,
            3.840131998062134,
            0.03203964978456497,
            0.9994109272956848,
            -0.012544353492558002,
            165.22889709472656,
            -0.019063599407672882,
            0.013159187510609627,
            0.9997351169586182,
            6.0571417808532715,
            0.0,
            0.0,
            0.0,
            1.0
        ],
        "fitness_score": 0.2563190115432649
    },
    "1720754445.900128": {
        "final_transformation": [
            0.9950354099273682,
            -0.09815524518489838,
            0.016488317400217056,
            3.581782579421997,
            0.09811587631702423,
            0.9951714873313904,
            0.0030403784476220608,
            170.31031799316406,
            -0.01670719124376774,
            -0.0014079484390094876,
            0.9998620748519897,
            6.181826114654541,
            0.0,
            0.0,
            0.0,
            1.0
        ],
        "fitness_score": 0.36769313366449796
    },
    "1720754446.200115": {
        "final_transformation": [
            0.991325855255127,
            -0.13022762537002563,
            0.017840569838881493,
            3.781149387359619,
            0.13021346926689148,
            0.9914854168891907,
            0.001789539703167975,
            171.4829864501953,
            -0.017921777442097664,
            0.0005486899171955884,
            0.9998420476913452,
            6.187179088592529,
            0.0,
            0.0,
            0.0,
            1.0
        ],
        "fitness_score": 0.4570101298008742
    },
    "1720754446.500087": {
        "final_transformation": [
            0.983150064945221,
            -0.18142686784267426,
            0.022430649027228355,
            3.621293544769287,
            0.18142840266227722,
            0.9834039211273193,
            0.0019100270001217723,
            173.0052490234375,
            -0.02240498550236225,
            0.002191271400079131,
            0.9997485876083374,
            6.221925735473633,
            0.0,
            0.0,
            0.0,
            1.0
        ],
        "fitness_score": 0.5609592480840354
    },
    "1720754446.800107": {
        "final_transformation": [
            0.9688605070114136,
            -0.24686691164970398,
            0.019191080704331398,
            3.5875980854034424,
            0.24690750241279602,
            0.9690390229225159,
            8.937087841331959e-05,
            174.3194122314453,
            -0.018619073554873466,
            0.004651383962482214,
            0.9998176097869873,
            6.300510883331299,
            0.0,
            0.0,
            0.0,
            1.0
        ],
        "fitness_score": 0.5986452624606488
    },
    "1720754447.100111": {
        "final_transformation": [
            0.9473459720611572,
            -0.32002386450767517,
            0.011242065578699112,
            3.4606285095214844,
            0.3199928104877472,
            0.9474122524261475,
            0.0042762719094753265,
            175.1283721923828,
            -0.012019429355859756,
            -0.00045414757914841175,
            0.9999291896820068,
            6.347865104675293,
            0.0,
            0.0,
            0.0,
            1.0
        ],
        "fitness_score": 0.519365542099445
    },
    "1720754447.399899": {
        "final_transformation": [
            0.9137830138206482,
            -0.406086802482605,
            0.009950605221092701,
            2.579023838043213,
            0.4060211479663849,
            0.9138314723968506,
            0.007832225412130356,
            176.53111267089844,
            -0.012273839674890041,
            -0.0031172456219792366,
            0.9999215006828308,
            6.442132949829102,
            0.0,
            0.0,
            0.0,
            1.0
        ],
        "fitness_score": 0.5343607689934892
    },
    "1720754447.699819": {
        "final_transformation": [
            0.8662849068641663,
            -0.4995555281639099,
            -0.0004418679163791239,
            1.9508224725723267,
            0.4995501637458801,
            0.8662759065628052,
            0.004066857974976301,
            177.29965209960938,
            -0.0016489229165017605,
            -0.0037442396860569715,
            0.999993085861206,
            6.502819538116455,
            0.0,
            0.0,
            0.0,
            1.0
        ],
        "fitness_score": 0.4916646507065808
    },
    "1720754448.000082": {
        "final_transformation": [
            0.8051472306251526,
            -0.5929954051971436,
            -0.009894490242004395,
            1.0971547365188599,
            0.5930154323577881,
            0.8051908016204834,
            -0.0008641493041068316,
            178.34567260742188,
            0.008479302749037743,
            -0.005172365810722113,
            0.9999523758888245,
            6.537513256072998,
            0.0,
            0.0,
            0.0,
            1.0
        ],
        "fitness_score": 0.5464548199205639
    },
    "1720754448.299895": {
        "final_transformation": [
            0.730840265750885,
            -0.6824029684066772,
            -0.014293406158685684,
            0.5382351875305176,
            0.6824907660484314,
            0.7308919429779053,
            0.0021068688947707415,
            179.14332580566406,
            0.0090091023594141,
            -0.011295412667095661,
            0.999896764755249,
            6.594405651092529,
            0.0,
            0.0,
            0.0,
            1.0
        ],
        "fitness_score": 0.6453072063056264
    },
    "1720754448.600091": {
        "final_transformation": [
            0.6206849813461304,
            -0.7837599515914917,
            -0.021702345460653305,
            0.056160468608140945,
            0.7839162349700928,
            0.6208658218383789,
            -0.0020133021753281355,
            178.93359375,
            0.015052019618451595,
            -0.01576371304690838,
            0.9997637271881104,
            6.592829704284668,
            0.0,
            0.0,
            0.0,
            1.0
        ],
        "fitness_score": 0.5724897087949141
    },
    "1720754448.900157": {
        "final_transformation": [
            0.525270402431488,
            -0.850560188293457,
            -0.025311961770057678,
            -0.6058413982391357,
            0.8508133888244629,
            0.525467574596405,
            -0.001344345510005951,
            179.33006286621094,
            0.014443907886743546,
            -0.020830191671848297,
            0.9996805191040039,
            6.608179569244385,
            0.0,
            0.0,
            0.0,
            1.0
        ],
        "fitness_score": 0.7092777734536726
    },
    "1720754449.198549": {
        "final_transformation": [
            0.38642847537994385,
            -0.9217944145202637,
            -0.03118748776614666,
            -1.943935751914978,
            0.9221795201301575,
            0.3867410123348236,
            -0.004435661248862743,
            179.80166625976563,
            0.016149992123246193,
            -0.02704690769314766,
            0.9995073080062866,
            6.642052173614502,
            0.0,
            0.0,
            0.0,
            1.0
        ],
        "fitness_score": 0.8326954196697489
    },
    "1720754449.799760": {
        "final_transformation": [
            0.06659004837274551,
            -0.9962539076805115,
            -0.05518446862697601,
            -4.379444599151611,
            0.997733473777771,
            0.06702416390180588,
            -0.006042941007763147,
            179.6606903076172,
            0.00971884373575449,
            -0.054657500237226486,
            0.998457670211792,
            6.662308216094971,
            0.0,
            0.0,
            0.0,
            1.0
        ],
        "fitness_score": 0.9718098105604436
    },
    "1720754450.100180": {
        "final_transformation": [
            -0.11968787759542465,
            -0.991040050983429,
            -0.05929752439260483,
            -5.149145126342773,
            0.9927685260772705,
            -0.11891496926546097,
            -0.016408398747444153,
            178.89511108398438,
            0.009209851734340191,
            -0.060833171010017395,
            0.9981054663658142,
            6.673235893249512,
            0.0,
            0.0,
            0.0,
            1.0
        ],
        "fitness_score": 0.9740411529851599
    },
    "1720754450.400167": {
        "final_transformation": [
            -0.26146218180656433,
            -0.9629557728767395,
            -0.06597944349050522,
            -5.99614953994751,
            0.9652078747749329,
            -0.2606005370616913,
            -0.021511724218726158,
            179.02047729492188,
            0.0035204277373850346,
            -0.06930886954069138,
            0.9975937008857727,
            6.663232326507568,
            0.0,
            0.0,
            0.0,
            1.0
        ],
        "fitness_score": 1.0341624020392703
    },
    "1720754450.999250": {
        "final_transformation": [
            -0.5621827840805054,
            -0.8236752152442932,
            -0.07421865314245224,
            -8.107832908630371,
            0.8269233703613281,
            -0.5611908435821533,
            -0.03559437021613121,
            178.57211303710938,
            -0.012332838028669357,
            -0.08138403296470642,
            0.9966076016426086,
            6.611150741577148,
            0.0,
            0.0,
            0.0,
            1.0
        ],
        "fitness_score": 0.813762706926364
    },
    "1720754451.300156": {
        "final_transformation": [
            -0.677282452583313,
            -0.732219398021698,
            -0.07172253727912903,
            -8.689947128295898,
            0.7356212139129639,
            -0.675591230392456,
            -0.04939630627632141,
            177.69631958007813,
            -0.012286346405744553,
            -0.08621629327535629,
            0.9962020516395569,
            6.559854507446289,
            0.0,
            0.0,
            0.0,
            1.0
        ],
        "fitness_score": 0.6466286346569683
    },
    "1720754451.599906": {
        "final_transformation": [
            -0.7677866220474243,
            -0.6365885734558105,
            -0.07250821590423584,
            -9.500140190124512,
            0.64032381772995,
            -0.7663091421127319,
            -0.05250706896185875,
            176.69996643066406,
            -0.022138547152280807,
            -0.08674341440200806,
            0.9959845542907715,
            6.494990348815918,
            0.0,
            0.0,
            0.0,
            1.0
        ],
        "fitness_score": 0.5893291434973417
    },
    "1720754451.900078": {
        "final_transformation": [
            -0.8327813148498535,
            -0.5493331551551819,
            -0.06862028688192368,
            -10.024392127990723,
            0.5531615614891052,
            -0.8306633830070496,
            -0.0633702352643013,
            175.66868591308594,
            -0.02218913659453392,
            -0.09073178470134735,
            0.9956289529800415,
            6.430967330932617,
            0.0,
            0.0,
            0.0,
            1.0
        ],
        "fitness_score": 0.5048903059463994
    },
    "1720754452.200089": {
        "final_transformation": [
            -0.8800088763237,
            -0.47008177638053894,
            -0.06790529936552048,
            -10.513609886169434,
            0.47413739562034607,
            -0.8778806328773499,
            -0.06728149950504303,
            174.3582000732422,
            -0.02798501029610634,
            -0.09140481054782867,
            0.9954222440719604,
            6.356653213500977,
            0.0,
            0.0,
            0.0,
            1.0
        ],
        "fitness_score": 0.44792187041281767
    },
    "1720754452.500062": {
        "final_transformation": [
            -0.9208878874778748,
            -0.38256412744522095,
            -0.07491245120763779,
            -11.081232070922852,
            0.38742899894714355,
            -0.9194573760032654,
            -0.06708837300539017,
            172.9730224609375,
            -0.04321332648396492,
            -0.090804323554039,
            0.9949338436126709,
            6.287747859954834,
            0.0,
            0.0,
            0.0,
            1.0
        ],
        "fitness_score": 0.4994880566329712
    },
    "1720754454.000149": {
        "final_transformation": [
            -0.9984928369522095,
            -0.02863408997654915,
            -0.046855129301548004,
            -12.71298885345459,
            0.032300885766744614,
            -0.996315598487854,
            -0.07946160435676575,
            164.86207580566406,
            -0.04440730810165405,
            -0.08085554838180542,
            0.9957376718521118,
            5.840507984161377,
            0.0,
            0.0,
            0.0,
            1.0
        ],
        "fitness_score": 0.2519524395688591
    },
    "1720754454.300107": {
        "final_transformation": [
            -0.9989707469940186,
            -0.008214912377297878,
            -0.044650040566921234,
            -12.849190711975098,
            0.011627082712948322,
            -0.9969931244850159,
            -0.07663087546825409,
            163.49176025390625,
            -0.04388628527522087,
            -0.07707130908966064,
            0.9960615038871765,
            5.771729469299316,
            0.0,
            0.0,
            0.0,
            1.0
        ],
        "fitness_score": 0.22555059875967562
    },
    "1720754454.600104": {
        "final_transformation": [
            -0.9991035461425781,
            0.007847003638744354,
            -0.04159427434206009,
            -12.914294242858887,
            -0.00457670958712697,
            -0.9969339370727539,
            -0.07810361683368683,
            161.89065551757813,
            -0.042079851031303406,
            -0.07784365117549896,
            0.9960767030715942,
            5.6994452476501465,
            0.0,
            0.0,
            0.0,
            1.0
        ],
        "fitness_score": 0.18883348350305681
    },
    "1720754454.899876": {
        "final_transformation": [
            -0.9986821413040161,
            0.030377985909581184,
            -0.04139045625925064,
            -13.029574394226074,
            -0.026834528893232346,
            -0.9961400032043457,
            -0.0835760310292244,
            159.4579315185547,
            -0.0437697172164917,
            -0.08235534280538559,
            0.9956411719322205,
            5.588665008544922,
            0.0,
            0.0,
            0.0,
            1.0
        ],
        "fitness_score": 0.20872562303989503
    },
    "1720754455.200178": {
        "final_transformation": [
            -0.9980901479721069,
            0.04675958305597305,
            -0.04038528352975845,
            -13.074898719787598,
            -0.04337674006819725,
            -0.9957820773124695,
            -0.08085491508245468,
            157.32574462890625,
            -0.04399571940302849,
            -0.07894887030124664,
            0.9959071278572083,
            5.487318515777588,
            0.0,
            0.0,
            0.0,
            1.0
        ],
        "fitness_score": 0.2043328465521125
    },
    "1720754455.500143": {
        "final_transformation": [
            -0.9980592727661133,
            0.05594160407781601,
            -0.027406003326177597,
            -13.118510246276855,
            -0.05362580344080925,
            -0.995441734790802,
            -0.078875333070755,
            155.14100646972656,
            -0.03169360011816025,
            -0.07725278288125992,
            0.9965089559555054,
            5.390419960021973,
            0.0,
            0.0,
            0.0,
            1.0
        ],
        "fitness_score": 0.20510847765435797
    },
    "1720754455.799813": {
        "final_transformation": [
            -0.9977574348449707,
            0.057647865265607834,
            -0.03406376391649246,
            -13.140363693237305,
            -0.05478129908442497,
            -0.9953102469444275,
            -0.0797344222664833,
            153.35653686523438,
            -0.038500625640153885,
            -0.0776897743344307,
            0.9962356686592102,
            5.30442476272583,
            0.0,
            0.0,
            0.0,
            1.0
        ],
        "fitness_score": 0.1822270249234306
    },
    "1720754456.098842": {
        "final_transformation": [
            -0.9978893399238586,
            0.05694021284580231,
            -0.031244805082678795,
            -13.23856258392334,
            -0.054272912442684174,
            -0.9952857494354248,
            -0.08038397878408432,
            150.51039123535156,
            -0.03567477688193321,
            -0.0785188227891922,
            0.9962747693061829,
            5.198339462280273,
            0.0,
            0.0,
            0.0,
            1.0
        ],
        "fitness_score": 0.20342484262958607
    },
    "1720754456.400064": {
        "final_transformation": [
            -0.9980776906013489,
            0.05381151661276817,
            -0.030745871365070343,
            -13.230024337768555,
            -0.05121069401502609,
            -0.9954922795295715,
            -0.07983390241861343,
            148.03155517578125,
            -0.034903474152088165,
            -0.07810616493225098,
            0.9963338971138,
            5.064997673034668,
            0.0,
            0.0,
            0.0,
            1.0
        ],
        "fitness_score": 0.19378416774344975
    }
}