{
    "1720703802.900234": {
        "final_transformation": [
            0.9993380904197693,
            -0.03502825275063515,
            0.009713856503367424,
            4.128925323486328,
            0.03517979755997658,
            0.9992498159408569,
            -0.016144298017024994,
            162.9170684814453,
            -0.009141207672655582,
            0.016474859789013863,
            0.9998230338096619,
            5.997134208679199,
            0.0,
            0.0,
            0.0,
            1.0
        ],
        "fitness_score": 0.2384075206361885
    },
    "1720703804.098893": {
        "final_transformation": [
            0.9993715882301331,
            -0.03338436782360077,
            0.011833916418254375,
            4.201750755310059,
            0.03360271826386452,
            0.9992585778236389,
            -0.018812239170074463,
            163.58480834960938,
            -0.011197203770279884,
            0.019197480753064156,
            0.9997540712356567,
            6.036926746368408,
            0.0,
            0.0,
            0.0,
            1.0
        ],
        "fitness_score": 0.23470999064623085
    },
    "1720703805.000144": {
        "final_transformation": [
            0.9993851780891418,
            -0.032318711280822754,
            0.013578368350863457,
            4.364057540893555,
            0.03249762952327728,
            0.9993861317634583,
            -0.013162819668650627,
            165.1914520263672,
            -0.013144774362444878,
            0.01359547395259142,
            0.9998223781585693,
            6.124712944030762,
            0.0,
            0.0,
            0.0,
            1.0
        ],
        "fitness_score": 0.2621960077585102
    },
    "1720703805.600078": {
        "final_transformation": [
            0.9993783831596375,
            -0.0333254411816597,
            0.011583090759813786,
            4.3802690505981445,
            0.03346747159957886,
            0.9993640184402466,
            -0.012397968210279942,
            166.42530822753906,
            -0.011162692680954933,
            0.012777389958500862,
            0.9998571872711182,
            6.189428806304932,
            0.0,
            0.0,
            0.0,
            1.0
        ],
        "fitness_score": 0.28478449229274283
    },
    "1720703805.899963": {
        "final_transformation": [
            0.9993529915809631,
            -0.033724524080753326,
            0.012513757683336735,
            4.41482400894165,
            0.033863965421915054,
            0.9993661046028137,
            -0.01112440787255764,
            167.1497344970703,
            -0.01213072333484888,
            0.011540465988218784,
            0.9998617768287659,
            6.2150726318359375,
            0.0,
            0.0,
            0.0,
            1.0
        ],
        "fitness_score": 0.3124981760215196
    },
    "1720703806.198756": {
        "final_transformation": [
            0.9992702007293701,
            -0.03604686260223389,
            0.012661953456699848,
            4.4978132247924805,
            0.03613508492708206,
            0.9993240833282471,
            -0.006923026405274868,
            167.9929656982422,
            -0.012403899803757668,
            0.007375017274171114,
            0.9998995065689087,
            6.241950511932373,
            0.0,
            0.0,
            0.0,
            1.0
        ],
        "fitness_score": 0.3277363022823845
    },
    "1720703806.500030": {
        "final_transformation": [
            0.9991042613983154,
            -0.04065984860062599,
            0.01190685573965311,
            4.553714752197266,
            0.04074091836810112,
            0.9991469979286194,
            -0.006938692182302475,
            168.8507843017578,
            -0.011614668183028698,
            0.007417094428092241,
            0.999908447265625,
            6.285435199737549,
            0.0,
            0.0,
            0.0,
            1.0
        ],
        "fitness_score": 0.3494239372006942
    },
    "1720703806.799816": {
        "final_transformation": [
            0.9987025856971741,
            -0.04981343820691109,
            0.010602682828903198,
            4.580745220184326,
            0.04986241087317467,
            0.9987460374832153,
            -0.004581963177770376,
            169.76026916503906,
            -0.010361205786466599,
            0.005104172509163618,
            0.9999350309371948,
            6.328738212585449,
            0.0,
            0.0,
            0.0,
            1.0
        ],
        "fitness_score": 0.3486047976280565
    },
    "1720703807.100117": {
        "final_transformation": [
            0.997916579246521,
            -0.06329338252544403,
            0.012548995204269886,
            4.572695732116699,
            0.06335366517305374,
            0.9979805946350098,
            -0.00461976183578372,
            170.67227172851563,
            -0.012231316417455673,
            0.005404691211879253,
            0.9999134540557861,
            6.371436595916748,
            0.0,
            0.0,
            0.0,
            1.0
        ],
        "fitness_score": 0.3737831861987892
    },
    "1720703807.400110": {
        "final_transformation": [
            0.9967758655548096,
            -0.07953498512506485,
            0.010510105639696121,
            4.570157527923584,
            0.07957413047552109,
            0.9968215227127075,
            -0.0035614860244095325,
            171.58653259277344,
            -0.010193546302616596,
            0.004385876469314098,
            0.9999395608901978,
            6.417877674102783,
            0.0,
            0.0,
            0.0,
            1.0
        ],
        "fitness_score": 0.3760244113819432
    },
    "1720703807.699957": {
        "final_transformation": [
            0.9947786927223206,
            -0.10176680982112885,
            0.007930946536362171,
            4.557493686676025,
            0.10180869698524475,
            0.9947904944419861,
            -0.005464598070830107,
            172.56155395507813,
            -0.007333602290600538,
            0.006242978852242231,
            0.9999574422836304,
            6.464062213897705,
            0.0,
            0.0,
            0.0,
            1.0
        ],
        "fitness_score": 0.41400912377282695
    },
    "1720703808.000123": {
        "final_transformation": [
            0.9902796149253845,
            -0.13872912526130676,
            0.010035354644060135,
            4.413754463195801,
            0.13880859315395355,
            0.990288257598877,
            -0.007850948721170425,
            173.67816162109375,
            -0.008848842233419418,
            0.00916711613535881,
            0.9999197721481323,
            6.508608341217041,
            0.0,
            0.0,
            0.0,
            1.0
        ],
        "fitness_score": 0.4674951099419236
    },
    "1720703808.299743": {
        "final_transformation": [
            0.9842806458473206,
            -0.17653830349445343,
            0.0053175888024270535,
            4.103841781616211,
            0.17654986679553986,
            0.9842900633811951,
            -0.0021804594434797764,
            174.4740753173828,
            -0.004849182441830635,
            0.003084482392296195,
            0.9999858736991882,
            6.547166347503662,
            0.0,
            0.0,
            0.0,
            1.0
        ],
        "fitness_score": 0.48925035705101527
    },
    "1720703808.600147": {
        "final_transformation": [
            0.9735625982284546,
            -0.2282065749168396,
            0.010055027902126312,
            3.721680164337158,
            0.22827310860157013,
            0.9735784530639648,
            -0.006185315549373627,
            175.52667236328125,
            -0.008377930149435997,
            0.008316555060446262,
            0.9999324083328247,
            6.5788092613220215,
            0.0,
            0.0,
            0.0,
            1.0
        ],
        "fitness_score": 0.5259003249520715
    },
    "1720703808.898987": {
        "final_transformation": [
            0.9597480297088623,
            -0.2806859016418457,
            0.010240511037409306,
            3.643878221511841,
            0.2807106077671051,
            0.9597927927970886,
            -0.001282505807466805,
            176.3262939453125,
            -0.009468894451856613,
            0.004104983061552048,
            0.9999501705169678,
            6.547725677490234,
            0.0,
            0.0,
            0.0,
            1.0
        ],
        "fitness_score": 0.5646319838227688
    },
    "1720703809.200173": {
        "final_transformation": [
            0.9208115339279175,
            -0.3899483382701874,
            0.007128136232495308,
            3.1804771423339844,
            0.38998278975486755,
            0.9208104014396667,
            -0.00483298022300005,
            177.38890075683594,
            -0.004679158795624971,
            0.007229586131870747,
            0.9999663829803467,
            6.615265369415283,
            0.0,
            0.0,
            0.0,
            1.0
        ],
        "fitness_score": 0.5558822657594927
    },
    "1720703809.500088": {
        "final_transformation": [
            0.8828756809234619,
            -0.46960151195526123,
            0.0027047640178352594,
            2.6566972732543945,
            0.4696064591407776,
            0.8828687071800232,
            -0.0035137913655489683,
            178.2466583251953,
            -0.0007379998569376767,
            0.004371861461549997,
            0.9999923706054688,
            6.6398701667785645,
            0.0,
            0.0,
            0.0,
            1.0
        ],
        "fitness_score": 0.5976029258948881
    },
    "1720703809.800100": {
        "final_transformation": [
            0.8203842639923096,
            -0.5717937350273132,
            -0.004977600648999214,
            1.9983065128326416,
            0.5717769861221313,
            0.8203990459442139,
            -0.004173594061285257,
            178.84910583496094,
            0.006469903979450464,
            0.0005773017182946205,
            0.9999814033508301,
            6.679562091827393,
            0.0,
            0.0,
            0.0,
            1.0
        ],
        "fitness_score": 0.6185484584130421
    },
    "1720703810.100158": {
        "final_transformation": [
            0.7413809895515442,
            -0.6709576845169067,
            -0.013288485817611217,
            1.3932769298553467,
            0.6709392666816711,
            0.741487979888916,
            -0.0063272565603256226,
            179.3324432373047,
            0.014098381623625755,
            -0.0042253946885466576,
            0.9998953938484192,
            6.7017083168029785,
            0.0,
            0.0,
            0.0,
            1.0
        ],
        "fitness_score": 0.648929304659794
    },
    "1720703810.394965": {
        "final_transformation": [
            0.6480044722557068,
            -0.7613871693611145,
            -0.019611887633800507,
            0.47683873772621155,
            0.7614344358444214,
            0.6482111811637878,
            -0.006438181269913912,
            180.04495239257813,
            0.017614418640732765,
            -0.010761784389615059,
            0.9997900724411011,
            6.738168716430664,
            0.0,
            0.0,
            0.0,
            1.0
        ],
        "fitness_score": 0.6645898512926018
    },
    "1720703810.700145": {
        "final_transformation": [
            0.5378742218017578,
            -0.8426584601402283,
            -0.0248903576284647,
            -0.30647772550582886,
            0.8427983522415161,
            0.5381801128387451,
            -0.007321371231228113,
            180.4551239013672,
            0.01956470124423504,
            -0.017040153965353966,
            0.9996649622917175,
            6.746568202972412,
            0.0,
            0.0,
            0.0,
            1.0
        ],
        "fitness_score": 0.648574216131047
    },
    "1720703811.000201": {
        "final_transformation": [
            0.4182681739330292,
            -0.9079170823097229,
            -0.02720024436712265,
            -1.0598533153533936,
            0.9081130027770996,
            0.4186302125453949,
            -0.009098172187805176,
            180.69107055664063,
            0.019646983593702316,
            -0.020895980298519135,
            0.9995894432067871,
            6.731665134429932,
            0.0,
            0.0,
            0.0,
            1.0
        ],
        "fitness_score": 0.5626927902936733
    },
    "1720703811.300153": {
        "final_transformation": [
            0.291090726852417,
            -0.9561554193496704,
            -0.03220357745885849,
            -1.7579611539840698,
            0.9564217329025269,
            0.29164719581604004,
            -0.01411683764308691,
            180.67945861816406,
            0.022889798507094383,
            -0.02669157087802887,
            0.999383270740509,
            6.694629192352295,
            0.0,
            0.0,
            0.0,
            1.0
        ],
        "fitness_score": 0.5452472691688086
    },
    "1720703811.600116": {
        "final_transformation": [
            0.15407851338386536,
            -0.9873871207237244,
            -0.03639126569032669,
            -2.508312702178955,
            0.9879077672958374,
            0.154597207903862,
            -0.011892639100551605,
            180.6425018310547,
            0.01736837811768055,
            -0.03411933779716492,
            0.999267578125,
            6.663790225982666,
            0.0,
            0.0,
            0.0,
            1.0
        ],
        "fitness_score": 0.5885268633967222
    },
    "1720703811.900043": {
        "final_transformation": [
            0.0015854518860578537,
            -0.9990686774253845,
            -0.04316329210996628,
            -3.392432451248169,
            0.9999980926513672,
            0.0016845104983076453,
            -0.0022704284638166428,
            180.5156707763672,
            0.002340755658224225,
            -0.043160032480955124,
            0.9990664720535278,
            6.6161909103393555,
            0.0,
            0.0,
            0.0,
            1.0
        ],
        "fitness_score": 0.6671648074714093
    },
    "1720703812.200087": {
        "final_transformation": [
            -0.1831982284784317,
            -0.9814326167106628,
            -0.056838683784008026,
            -4.421934604644775,
            0.9829850792884827,
            -0.1820751428604126,
            -0.024403387680649757,
            179.4887237548828,
            0.013601132668554783,
            -0.060342516750097275,
            0.9980868697166443,
            6.593994617462158,
            0.0,
            0.0,
            0.0,
            1.0
        ],
        "fitness_score": 0.5577022406330937
    },
    "1720703812.500051": {
        "final_transformation": [
            -0.30846965312957764,
            -0.9493350386619568,
            -0.060073353350162506,
            -4.953896522521973,
            0.9512307643890381,
            -0.30766561627388,
            -0.02244497276842594,
            179.1370849609375,
            0.0028250757604837418,
            -0.06406767666339874,
            0.9979429244995117,
            6.546118259429932,
            0.0,
            0.0,
            0.0,
            1.0
        ],
        "fitness_score": 0.524281991170128
    },
    "1720703812.799973": {
        "final_transformation": [
            -0.4408192038536072,
            -0.8951323628425598,
            -0.06648411601781845,
            -5.703639030456543,
            0.8975949883460999,
            -0.43983832001686096,
            -0.029537370428442955,
            178.38540649414063,
            -0.0028026713989675045,
            -0.07269670069217682,
            0.9973526000976563,
            6.511135578155518,
            0.0,
            0.0,
            0.0,
            1.0
        ],
        "fitness_score": 0.4940414693905326
    },
    "1720703813.099977": {
        "final_transformation": [
            -0.5565613508224487,
            -0.8283547759056091,
            -0.06378939747810364,
            -6.421194553375244,
            0.8308076858520508,
            -0.55482417345047,
            -0.04395843669772148,
            177.67782592773438,
            0.001021056086756289,
            -0.07746274769306183,
            0.9969969391822815,
            6.480710029602051,
            0.0,
            0.0,
            0.0,
            1.0
        ],
        "fitness_score": 0.505135329204884
    },
    "1720703813.400028": {
        "final_transformation": [
            -0.6488386392593384,
            -0.7577234506607056,
            -0.06975345313549042,
            -7.048100471496582,
            0.7608404159545898,
            -0.6474159955978394,
            -0.04444530978798866,
            177.0181884765625,
            -0.011482520028948784,
            -0.08190935105085373,
            0.9965724945068359,
            6.455469608306885,
            0.0,
            0.0,
            0.0,
            1.0
        ],
        "fitness_score": 0.49799347736534555
    },
    "1720703813.700065": {
        "final_transformation": [
            -0.751006543636322,
            -0.6555758118629456,
            -0.07881031930446625,
            -8.243770599365234,
            0.659546434879303,
            -0.7504843473434448,
            -0.042162247002124786,
            175.66140747070313,
            -0.03150545805692673,
            -0.08364332467317581,
            0.9960010647773743,
            6.378360271453857,
            0.0,
            0.0,
            0.0,
            1.0
        ],
        "fitness_score": 0.5115334063177163
    },
    "1720703814.000124": {
        "final_transformation": [
            -0.8166410326957703,
            -0.5720792412757874,
            -0.07630490511655807,
            -8.502571105957031,
            0.5761663913726807,
            -0.8158056735992432,
            -0.04997086524963379,
            175.1916046142578,
            -0.03366279602050781,
            -0.08477272093296051,
            0.9958335161209106,
            6.343921661376953,
            0.0,
            0.0,
            0.0,
            1.0
        ],
        "fitness_score": 0.4181410469819341
    },
    "1720703814.300017": {
        "final_transformation": [
            -0.8821200728416443,
            -0.4665849804878235,
            -0.0645301565527916,
            -9.524327278137207,
            0.47031840682029724,
            -0.880009651184082,
            -0.06625411659479141,
            174.52822875976563,
            -0.025874052196741104,
            -0.08879388868808746,
            0.9957161545753479,
            6.34058141708374,
            0.0,
            0.0,
            0.0,
            1.0
        ],
        "fitness_score": 0.32435416437430487
    },
    "1720703814.596968": {
        "final_transformation": [
            -0.922762930393219,
            -0.3803986608982086,
            -0.06169141083955765,
            -10.141934394836426,
            0.3842514753341675,
            -0.9204063415527344,
            -0.07215132564306259,
            173.86932373046875,
            -0.029335062950849533,
            -0.09028386324644089,
            0.995485246181488,
            6.292128562927246,
            0.0,
            0.0,
            0.0,
            1.0
        ],
        "fitness_score": 0.3212269818616184
    },
    "1720703814.900083": {
        "final_transformation": [
            -0.9543222188949585,
            -0.291942834854126,
            -0.06356298923492432,
            -10.596124649047852,
            0.29610371589660645,
            -0.9525485634803772,
            -0.07056286185979843,
            172.2306671142578,
            -0.03994656726717949,
            -0.08616093546152115,
            0.9954829812049866,
            6.092764377593994,
            0.0,
            0.0,
            0.0,
            1.0
        ],
        "fitness_score": 0.36391401221008934
    },
    "1720703815.197829": {
        "final_transformation": [
            -0.9686604142189026,
            -0.2403760403394699,
            -0.06261716783046722,
            -10.979029655456543,
            0.24459818005561829,
            -0.9669705033302307,
            -0.07174213230609894,
            171.38571166992188,
            -0.04330386221408844,
            -0.08480983972549438,
            0.9954570531845093,
            6.058627605438232,
            0.0,
            0.0,
            0.0,
            1.0
        ],
        "fitness_score": 0.3462016307044392
    },
    "1720703815.500184": {
        "final_transformation": [
            -0.9841870665550232,
            -0.1705332249403,
            -0.047928500920534134,
            -11.426916122436523,
            0.17381861805915833,
            -0.9818717837333679,
            -0.07563342154026031,
            169.56626892089844,
            -0.03416169434785843,
            -0.08276839554309845,
            0.9959838390350342,
            5.9616851806640625,
            0.0,
            0.0,
            0.0,
            1.0
        ],
        "fitness_score": 0.28988618400727917
    },
    "1720703815.800076": {
        "final_transformation": [
            -0.9912030100822449,
            -0.11949945241212845,
            -0.05690965801477432,
            -11.520597457885742,
            0.12362983822822571,
            -0.9894452691078186,
            -0.07559854537248611,
            167.9975128173828,
            -0.047275200486183167,
            -0.08196945488452911,
            0.9955151081085205,
            5.8790388107299805,
            0.0,
            0.0,
            0.0,
            1.0
        ],
        "fitness_score": 0.30440125840304755
    },
    "1720703816.099015": {
        "final_transformation": [
            -0.9953113198280334,
            -0.07841956615447998,
            -0.05665239691734314,
            -11.860993385314941,
            0.08258063346147537,
            -0.9937443137168884,
            -0.07521713525056839,
            166.82443237304688,
            -0.05039960518479347,
            -0.07954312115907669,
            0.995560348033905,
            5.834927558898926,
            0.0,
            0.0,
            0.0,
            1.0
        ],
        "fitness_score": 0.2840135652842165
    },
    "1720703816.698891": {
        "final_transformation": [
            -0.9985128045082092,
            -0.021130003035068512,
            -0.05031975731253624,
            -12.423601150512695,
            0.024944337084889412,
            -0.996770977973938,
            -0.07636246085166931,
            162.83865356445313,
            -0.04854373633861542,
            -0.07750408351421356,
            0.9958112835884094,
            5.648914813995361,
            0.0,
            0.0,
            0.0,
            1.0
        ],
        "fitness_score": 0.23104711511542314
    },
    "1720703817.000091": {
        "final_transformation": [
            -0.9989684224128723,
            0.005118487402796745,
            -0.04514364153146744,
            -12.721381187438965,
            -0.001362890237942338,
            -0.9965681433677673,
            -0.08277075737714767,
            160.6124725341797,
            -0.045412495732307434,
            -0.08262398838996887,
            0.9955466389656067,
            5.5297136306762695,
            0.0,
            0.0,
            0.0,
            1.0
        ],
        "fitness_score": 0.18193661328652808
    },
    "1720703817.300068": {
        "final_transformation": [
            -0.9987373352050781,
            0.03079330176115036,
            -0.03970056027173996,
            -12.39519214630127,
            -0.027452891692519188,
            -0.996250569820404,
            -0.08204544335603714,
            158.42379760742188,
            -0.04207839071750641,
            -0.08085241913795471,
            0.9958406686782837,
            5.44845724105835,
            0.0,
            0.0,
            0.0,
            1.0
        ],
        "fitness_score": 0.20533665420956645
    },
    "1720703817.599779": {
        "final_transformation": [
            -0.9984532594680786,
            0.04090013727545738,
            -0.03769930079579353,
            -12.559422492980957,
            -0.03775899112224579,
            -0.9960383772850037,
            -0.08050540834665298,
            156.68528747558594,
            -0.04084287956357002,
            -0.078957699239254,
            0.9960439801216125,
            5.376852989196777,
            0.0,
            0.0,
            0.0,
            1.0
        ],
        "fitness_score": 0.1537195776401855
    },
    "1720703817.898729": {
        "final_transformation": [
            -0.998273491859436,
            0.04811608046293259,
            -0.03375767916440964,
            -12.608906745910645,
            -0.045296091586351395,
            -0.9957848191261292,
            -0.07976659387350082,
            153.85336303710938,
            -0.03745359554886818,
            -0.0781000554561615,
            0.9962442517280579,
            5.243371486663818,
            0.0,
            0.0,
            0.0,
            1.0
        ],
        "fitness_score": 0.17783943744721104
    },
    "1720703818.499234": {
        "final_transformation": [
            -0.9983072280883789,
            0.048342082649469376,
            -0.03240428864955902,
            -12.787610054016113,
            -0.04566306993365288,
            -0.9958459734916687,
            -0.0787985622882843,
            149.05397033691406,
            -0.03607906401157379,
            -0.07718567550182343,
            0.996365487575531,
            5.009191513061523,
            0.0,
            0.0,
            0.0,
            1.0
        ],
        "fitness_score": 0.17415604629034195
    },
    "1720703818.800123": {
        "final_transformation": [
            -0.9985508322715759,
            0.04371380805969238,
            -0.03142935037612915,
            -12.824017524719238,
            -0.04101685807108879,
            -0.9958053827285767,
            -0.08179914206266403,
            146.42184448242188,
            -0.034873347729444504,
            -0.08039158582687378,
            0.9961534142494202,
            4.922863483428955,
            0.0,
            0.0,
            0.0,
            1.0
        ],
        "fitness_score": 0.16508207062005634
    },
    "1720703819.099885": {
        "final_transformation": [
            -0.9987106919288635,
            0.04024960845708847,
            -0.030995434150099754,
            -12.8471097946167,
            -0.03765365481376648,
            -0.9960734844207764,
            -0.08015485107898712,
            143.65982055664063,
            -0.03409998118877411,
            -0.07888440042734146,
            0.9963011741638184,
            4.796728610992432,
            0.0,
            0.0,
            0.0,
            1.0
        ],
        "fitness_score": 0.1611236959029677
    },
    "1720703819.397744": {
        "final_transformation": [
            -0.9989779591560364,
            0.032722391188144684,
            -0.031296584755182266,
            -13.082228660583496,
            -0.03012937679886818,
            -0.9963454604148865,
            -0.0799475833773613,
            140.6921844482422,
            -0.033798351883888245,
            -0.07892289012670517,
            0.9963083267211914,
            4.707783222198486,
            0.0,
            0.0,
            0.0,
            1.0
        ],
        "fitness_score": 0.16469526438769996
    },
    "1720703819.699840": {
        "final_transformation": [
            -0.9991378784179688,
            0.02825004607439041,
            -0.030469803139567375,
            -13.165371894836426,
            -0.025724710896611214,
            -0.9964439272880554,
            -0.08023856580257416,
            137.81642150878906,
            -0.03262834995985031,
            -0.07938578724861145,
            0.9963111281394958,
            4.616429328918457,
            0.0,
            0.0,
            0.0,
            1.0
        ],
        "fitness_score": 0.14818272682544045
    },
    "1720703820.000124": {
        "final_transformation": [
            -0.9992533326148987,
            0.023276537656784058,
            -0.030925987288355827,
            -13.347450256347656,
            -0.020744353532791138,
            -0.9965987205505371,
            -0.07975508272647858,
            135.1662139892578,
            -0.03267737478017807,
            -0.07905417680740356,
            0.9963361024856567,
            4.488433837890625,
            0.0,
            0.0,
            0.0,
            1.0
        ],
        "fitness_score": 0.15537586112804133
    },
    "1720703820.298896": {
        "final_transformation": [
            -0.9994131326675415,
            0.017660213634371758,
            -0.02940351702272892,
            -13.604578018188477,
            -0.015255921520292759,
            -0.996679961681366,
            -0.08000778406858444,
            132.51467895507813,
            -0.030718917027115822,
            -0.0795123353600502,
            0.9963615536689758,
            4.407451629638672,
            0.0,
            0.0,
            0.0,
            1.0
        ],
        "fitness_score": 0.12337526087985513
    }
}