{
    "1720482985.900166": {
        "final_transformation": [
            0.9999221563339233,
            -0.012378554791212082,
            0.0018559745512902737,
            3.536818504333496,
            0.01239989697933197,
            0.999840259552002,
            -0.012903701514005661,
            159.2235870361328,
            -0.0016960540087893605,
            0.012925238348543644,
            0.9999151825904846,
            5.617605686187744,
            0.0,
            0.0,
            0.0,
            1.0
        ],
        "fitness_score": 0.46441742758298193
    },
    "1720482986.200104": {
        "final_transformation": [
            0.9999228715896606,
            -0.011633847840130329,
            0.004442023113369942,
            3.6297378540039063,
            0.011694434098899364,
            0.9998297691345215,
            -0.014310862869024277,
            160.18841552734375,
            -0.004274892620742321,
            0.014361239038407803,
            0.9998884201049805,
            5.687848091125488,
            0.0,
            0.0,
            0.0,
            1.0
        ],
        "fitness_score": 0.44842522510919386
    },
    "1720482986.500141": {
        "final_transformation": [
            0.9999194741249084,
            -0.012560589239001274,
            0.0023274761624634266,
            3.585083246231079,
            0.012595683336257935,
            0.9997766613960266,
            -0.017039624974131584,
            161.29266357421875,
            -0.0021130875684320927,
            0.01706700585782528,
            0.9998544454574585,
            5.752863883972168,
            0.0,
            0.0,
            0.0,
            1.0
        ],
        "fitness_score": 0.45154335172920773
    },
    "1720482986.800064": {
        "final_transformation": [
            0.9998939037322998,
            -0.012846429832279682,
            0.007126252632588148,
            3.6376965045928955,
            0.01297850627452135,
            0.9997345805168152,
            -0.01911536417901516,
            162.31886291503906,
            -0.006878960877656937,
            0.01920531690120697,
            0.9997930526733398,
            5.804921627044678,
            0.0,
            0.0,
            0.0,
            1.0
        ],
        "fitness_score": 0.45810991792201355
    },
    "1720482987.100026": {
        "final_transformation": [
            0.9998705983161926,
            -0.01368231512606144,
            0.00864122249186039,
            3.740847587585449,
            0.013831092044711113,
            0.9997513294219971,
            -0.017513127997517586,
            163.40399169921875,
            -0.008399568498134613,
            0.017629826441407204,
            0.9998101592063904,
            5.840034008026123,
            0.0,
            0.0,
            0.0,
            1.0
        ],
        "fitness_score": 0.49145815408155624
    },
    "1720482987.400053": {
        "final_transformation": [
            0.9998708963394165,
            -0.014341368339955807,
            0.007403584662824869,
            3.782454490661621,
            0.01443647313863039,
            0.9998108148574829,
            -0.013133903034031391,
            164.30116271972656,
            -0.007213908713310957,
            0.013238625600934029,
            0.9998865723609924,
            5.891993045806885,
            0.0,
            0.0,
            0.0,
            1.0
        ],
        "fitness_score": 0.48702209127859897
    },
    "1720482987.700094": {
        "final_transformation": [
            0.9997226595878601,
            -0.020078100264072418,
            0.012438037432730198,
            3.729734420776367,
            0.02023496851325035,
            0.9997138977050781,
            -0.012883358635008335,
            165.46434020996094,
            -0.01217592228204012,
            0.013130986131727695,
            0.9998410940170288,
            5.959070205688477,
            0.0,
            0.0,
            0.0,
            1.0
        ],
        "fitness_score": 0.48832792263611574
    },
    "1720482988.000116": {
        "final_transformation": [
            0.9996246099472046,
            -0.02408229187130928,
            0.013091448694467545,
            3.8459928035736084,
            0.02423086203634739,
            0.9996407628059387,
            -0.01147382240742445,
            166.5675506591797,
            -0.01281052827835083,
            0.011786260642111301,
            0.9998494982719421,
            6.004295349121094,
            0.0,
            0.0,
            0.0,
            1.0
        ],
        "fitness_score": 0.5057072444903866
    },
    "1720482988.600146": {
        "final_transformation": [
            0.9992563724517822,
            -0.03604350611567497,
            0.01375655084848404,
            4.08485221862793,
            0.036121856421232224,
            0.9993327856063843,
            -0.005642344243824482,
            168.71034240722656,
            -0.013544085435569286,
            0.006134557072073221,
            0.9998911619186401,
            6.099740505218506,
            0.0,
            0.0,
            0.0,
            1.0
        ],
        "fitness_score": 0.6292463862381934
    },
    "1720482988.900069": {
        "final_transformation": [
            0.9988234639167786,
            -0.04753803834319115,
            0.009768454357981682,
            4.351507663726807,
            0.0475730299949646,
            0.9988633990287781,
            -0.003592494875192642,
            170.18478393554688,
            -0.009586576372385025,
            0.0040525165386497974,
            0.9999493956565857,
            6.153565406799316,
            0.0,
            0.0,
            0.0,
            1.0
        ],
        "fitness_score": 0.7244424498175904
    },
    "1720482989.200044": {
        "final_transformation": [
            0.9976494312286377,
            -0.06776051968336105,
            0.010311592370271683,
            4.283535003662109,
            0.06777098029851913,
            0.9977021217346191,
            -0.0007773357210680842,
            170.96693420410156,
            -0.010235286317765713,
            0.0014738853788003325,
            0.9999472498893738,
            6.186613082885742,
            0.0,
            0.0,
            0.0,
            1.0
        ],
        "fitness_score": 0.693966165402695
    },
    "1720482989.499620": {
        "final_transformation": [
            0.9952853918075562,
            -0.09650921076536179,
            0.009973256848752499,
            3.979374408721924,
            0.09654103964567184,
            0.9953274726867676,
            -0.0030841422267258167,
            171.96658325195313,
            -0.009629052132368088,
            0.004032003693282604,
            0.9999492764472961,
            6.2316083908081055,
            0.0,
            0.0,
            0.0,
            1.0
        ],
        "fitness_score": 0.6992455720507559
    },
    "1720482989.800135": {
        "final_transformation": [
            0.9920957684516907,
            -0.12515968084335327,
            0.0091728949919343,
            4.017634391784668,
            0.12519830465316772,
            0.9921244978904724,
            -0.004032262600958347,
            173.08975219726563,
            -0.008596065454185009,
            0.00514833303168416,
            0.9999527335166931,
            6.274427890777588,
            0.0,
            0.0,
            0.0,
            1.0
        ],
        "fitness_score": 0.7055780310850643
    },
    "1720482990.098712": {
        "final_transformation": [
            0.9862721562385559,
            -0.16482117772102356,
            0.0103400107473135,
            4.057595252990723,
            0.1648855358362198,
            0.9862971305847168,
            -0.005923659075051546,
            173.99488830566406,
            -0.009222029708325863,
            0.007546695414930582,
            0.999933123588562,
            6.310886383056641,
            0.0,
            0.0,
            0.0,
            1.0
        ],
        "fitness_score": 0.6759801972725579
    },
    "1720482990.700200": {
        "final_transformation": [
            0.9599898457527161,
            -0.2799912691116333,
            0.0052970354445278645,
            3.4950551986694336,
            0.28000497817993164,
            0.959994375705719,
            -0.0028639910742640495,
            175.92308044433594,
            -0.0042833443731069565,
            0.004232148639857769,
            0.9999829530715942,
            6.394361972808838,
            0.0,
            0.0,
            0.0,
            1.0
        ],
        "fitness_score": 0.6965268928651889
    },
    "1720482991.098167": {
        "final_transformation": [
            0.9307501912117004,
            -0.36564013361930847,
            -0.003754619974642992,
            2.8768503665924072,
            0.3656240701675415,
            0.9307554960250854,
            -0.0037408422213047743,
            177.45248413085938,
            0.004862344358116388,
            0.0021084973122924566,
            0.9999878406524658,
            6.459860324859619,
            0.0,
            0.0,
            0.0,
            1.0
        ],
        "fitness_score": 0.784196234350647
    },
    "1720482991.400134": {
        "final_transformation": [
            0.9009185433387756,
            -0.43393126130104065,
            -0.007098404690623283,
            2.4385204315185547,
            0.4339188039302826,
            0.9009461402893066,
            -0.0031055870931595564,
            178.3317108154297,
            0.007742776069790125,
            -0.0002828057040460408,
            0.9999707341194153,
            6.501267433166504,
            0.0,
            0.0,
            0.0,
            1.0
        ],
        "fitness_score": 0.881266565584674
    },
    "1720482992.000237": {
        "final_transformation": [
            0.8171871304512024,
            -0.5759181976318359,
            -0.02294745109975338,
            1.267683982849121,
            0.5757876634597778,
            0.8175035119056702,
            -0.012478731572628021,
            178.93231201171875,
            0.025946179404854774,
            -0.0030160238966345787,
            0.9996602535247803,
            6.528701305389404,
            0.0,
            0.0,
            0.0,
            1.0
        ],
        "fitness_score": 0.8361550156957556
    },
    "1720482992.300167": {
        "final_transformation": [
            0.7729588747024536,
            -0.6340140104293823,
            -0.02375599555671215,
            1.0640536546707153,
            0.633860170841217,
            0.7733134627342224,
            -0.014414641074836254,
            178.98858642578125,
            0.027509691193699837,
            -0.003916637971997261,
            0.999613881111145,
            6.536334037780762,
            0.0,
            0.0,
            0.0,
            1.0
        ],
        "fitness_score": 0.7147140459858924
    },
    "1720482992.600156": {
        "final_transformation": [
            0.7203515768051147,
            -0.6928905844688416,
            -0.03154364228248596,
            0.6030951142311096,
            0.69275963306427,
            0.7209740281105042,
            -0.016629213467240334,
            179.57627868652344,
            0.03426424413919449,
            -0.009873885661363602,
            0.9993635416030884,
            6.540999412536621,
            0.0,
            0.0,
            0.0,
            1.0
        ],
        "fitness_score": 0.6961438059015398
    },
    "1720482992.900131": {
        "final_transformation": [
            0.6670659184455872,
            -0.7442033290863037,
            -0.03444408252835274,
            0.34588655829429626,
            0.7440232634544373,
            0.6678425073623657,
            -0.020260879769921303,
            179.94041442871094,
            0.038081347942352295,
            -0.012112550437450409,
            0.9992005825042725,
            6.56412410736084,
            0.0,
            0.0,
            0.0,
            1.0
        ],
        "fitness_score": 0.7243105810062075
    },
    "1720482993.300125": {
        "final_transformation": [
            0.5906092524528503,
            -0.806260347366333,
            -0.03359415382146835,
            -0.1436844915151596,
            0.8062401413917542,
            0.5913264155387878,
            -0.017557542771100998,
            180.3320770263672,
            0.03402090072631836,
            -0.016715869307518005,
            0.9992820024490356,
            6.597259998321533,
            0.0,
            0.0,
            0.0,
            1.0
        ],
        "fitness_score": 0.7882355480155897
    },
    "1720482993.600230": {
        "final_transformation": [
            0.5318267345428467,
            -0.8459913730621338,
            -0.03823153302073479,
            -0.5009060502052307,
            0.8457701802253723,
            0.5328859686851501,
            -0.02652818150818348,
            180.58119201660156,
            0.04281546548008919,
            -0.01822727732360363,
            0.998917281627655,
            6.603703498840332,
            0.0,
            0.0,
            0.0,
            1.0
        ],
        "fitness_score": 0.8458934675731169
    },
    "1720482994.200063": {
        "final_transformation": [
            0.42507562041282654,
            -0.9043878316879272,
            -0.03732844442129135,
            -1.0410499572753906,
            0.904008686542511,
            0.426251620054245,
            -0.03280157595872879,
            180.859619140625,
            0.04557647928595543,
            -0.019802691414952278,
            0.9987647533416748,
            6.594241142272949,
            0.0,
            0.0,
            0.0,
            1.0
        ],
        "fitness_score": 0.9151171412772595
    },
    "1720482994.499753": {
        "final_transformation": [
            0.36854737997055054,
            -0.9287773370742798,
            -0.039313461631536484,
            -1.4238051176071167,
            0.9284343719482422,
            0.3698779046535492,
            -0.034648969769477844,
            180.96897888183594,
            0.04672219604253769,
            -0.02373080886900425,
            0.9986258745193481,
            6.593532562255859,
            0.0,
            0.0,
            0.0,
            1.0
        ],
        "fitness_score": 0.9509640405209997
    },
    "1720482994.800116": {
        "final_transformation": [
            0.3088415861129761,
            -0.9503211975097656,
            -0.038852475583553314,
            -1.8223483562469482,
            0.9500942826271057,
            0.31014448404312134,
            -0.0336722694337368,
            180.94134521484375,
            0.04404912516474724,
            -0.026514723896980286,
            0.9986798167228699,
            6.593216896057129,
            0.0,
            0.0,
            0.0,
            1.0
        ],
        "fitness_score": 0.9573334512609484
    },
    "1720482995.400069": {
        "final_transformation": [
            0.17628790438175201,
            -0.983379602432251,
            -0.043447382748126984,
            -2.7895922660827637,
            0.9833279252052307,
            0.17793145775794983,
            -0.0374344065785408,
            180.7057342529297,
            0.044542841613292694,
            -0.036124542355537415,
            0.9983527660369873,
            6.570296287536621,
            0.0,
            0.0,
            0.0,
            1.0
        ],
        "fitness_score": 0.9398580191010767
    },
    "1720482995.700227": {
        "final_transformation": [
            0.10610690712928772,
            -0.993289053440094,
            -0.04603983834385872,
            -3.1941919326782227,
            0.9933230876922607,
            0.10798895359039307,
            -0.040545690804719925,
            180.56109619140625,
            0.04524527117609978,
            -0.0414310097694397,
            0.998116135597229,
            6.564271926879883,
            0.0,
            0.0,
            0.0,
            1.0
        ],
        "fitness_score": 0.944286438794178
    },
    "1720482996.300138": {
        "final_transformation": [
            -0.03652108833193779,
            -0.9980018734931946,
            -0.05159979686141014,
            -3.951364517211914,
            0.9985944032669067,
            -0.03446320444345474,
            -0.04025016725063324,
            180.25294494628906,
            0.03839128464460373,
            -0.05299793928861618,
            0.9978565573692322,
            6.559323310852051,
            0.0,
            0.0,
            0.0,
            1.0
        ],
        "fitness_score": 0.9275138411426341
    },
    "1720482996.599987": {
        "final_transformation": [
            -0.10722532123327255,
            -0.9928019642829895,
            -0.05338053032755852,
            -4.245368480682373,
            0.9935764074325562,
            -0.10504566878080368,
            -0.04210609942674637,
            180.07456970214844,
            0.03619542345404625,
            -0.057552993297576904,
            0.9976868629455566,
            6.548985004425049,
            0.0,
            0.0,
            0.0,
            1.0
        ],
        "fitness_score": 0.9105803879453951
    },
    "1720482997.200087": {
        "final_transformation": [
            -0.2434556484222412,
            -0.9683283567428589,
            -0.055400244891643524,
            -5.004094123840332,
            0.969440221786499,
            -0.24116192758083344,
            -0.04499662294983864,
            179.77174377441406,
            0.030210906639695168,
            -0.06466256827116013,
            0.9974488615989685,
            6.538762092590332,
            0.0,
            0.0,
            0.0,
            1.0
        ],
        "fitness_score": 0.8509822467868497
    },
    "1720482997.499453": {
        "final_transformation": [
            -0.30840879678726196,
            -0.949740469455719,
            -0.05364897474646568,
            -5.281907081604004,
            0.9507309794425964,
            -0.30588385462760925,
            -0.05043034255504608,
            179.5665283203125,
            0.031485266983509064,
            -0.06655963510274887,
            0.9972856640815735,
            6.5213541984558105,
            0.0,
            0.0,
            0.0,
            1.0
        ],
        "fitness_score": 0.8298673029498244
    }
}