{
    "1720703638.600212": {
        "final_transformation": [
            0.9903072118759155,
            0.1388835608959198,
            0.0027901940047740936,
            -32.36464309692383,
            -0.13889332115650177,
            0.9903047680854797,
            0.0027578857261687517,
            -185.4916534423828,
            -0.002380163874477148,
            -0.0031191385351121426,
            0.9999946355819702,
            -7.509102821350098,
            0.0,
            0.0,
            0.0,
            1.0
        ],
        "fitness_score": 0.7416737574298454
    },
    "1720703638.898904": {
        "final_transformation": [
            0.9902840852737427,
            0.13905219733715057,
            0.0026033648755401373,
            -31.88104820251465,
            -0.13906200230121613,
            0.9902812838554382,
            0.0030562044121325016,
            -183.2790069580078,
            -0.002153131878003478,
            -0.0033889443147927523,
            0.9999934434890747,
            -7.429982662200928,
            0.0,
            0.0,
            0.0,
            1.0
        ],
        "fitness_score": 0.7293025646954456
    },
    "1720703639.200127": {
        "final_transformation": [
            0.9902942776679993,
            0.1389513611793518,
            0.00365277286618948,
            -31.139219284057617,
            -0.1389738917350769,
            0.9902796149253845,
            0.00607149675488472,
            -179.966796875,
            -0.0027736604679375887,
            -0.006520627066493034,
            0.9999772906303406,
            -7.317673683166504,
            0.0,
            0.0,
            0.0,
            1.0
        ],
        "fitness_score": 0.6235817563306777
    },
    "1720703639.500170": {
        "final_transformation": [
            0.9904603958129883,
            0.137798011302948,
            0.00196402077563107,
            -30.489185333251953,
            -0.13780860602855682,
            0.9904465675354004,
            0.00517883338034153,
            -177.19052124023438,
            -0.0012316685169935226,
            -0.005400544963777065,
            0.9999873042106628,
            -7.224574565887451,
            0.0,
            0.0,
            0.0,
            1.0
        ],
        "fitness_score": 0.5735927628184322
    },
    "1720703639.799869": {
        "final_transformation": [
            0.9906315803527832,
            0.13655617833137512,
            0.0027770898304879665,
            -29.967649459838867,
            -0.13657405972480774,
            0.99061119556427,
            0.006552043836563826,
            -174.9303436279297,
            -0.00185632542707026,
            -0.006870375480502844,
            0.9999776482582092,
            -7.153634071350098,
            0.0,
            0.0,
            0.0,
            1.0
        ],
        "fitness_score": 0.5936847148597475
    },
    "1720703640.099864": {
        "final_transformation": [
            0.991436243057251,
            0.1306079626083374,
            0.00016688709729351103,
            -29.204883575439453,
            -0.13060913980007172,
            0.9914237260818481,
            0.0048105004243552685,
            -171.30592346191406,
            0.00046283507253974676,
            -0.004791549406945705,
            0.9999886751174927,
            -7.027669906616211,
            0.0,
            0.0,
            0.0,
            1.0
        ],
        "fitness_score": 0.615809293612438
    },
    "1720703640.400090": {
        "final_transformation": [
            0.9922388792037964,
            0.12434881180524826,
            -0.0005707828677259386,
            -28.572383880615234,
            -0.12434989959001541,
            0.9922386407852173,
            0.002020113402977586,
            -168.44264221191406,
            0.0008174783433787525,
            -0.001933965482749045,
            0.9999992847442627,
            -6.919719219207764,
            0.0,
            0.0,
            0.0,
            1.0
        ],
        "fitness_score": 0.6736311105328536
    },
    "1720703640.700155": {
        "final_transformation": [
            0.9930092692375183,
            0.11805221438407898,
            -0.0006941198953427374,
            -28.006942749023438,
            -0.11804834753274918,
            0.9929909706115723,
            0.006325251888483763,
            -165.67312622070313,
            0.0014359098859131336,
            -0.006199571769684553,
            0.9999836683273315,
            -6.807370662689209,
            0.0,
            0.0,
            0.0,
            1.0
        ],
        "fitness_score": 0.7370403840985862
    },
    "1720703641.000168": {
        "final_transformation": [
            0.9942566752433777,
            0.1068776547908783,
            0.005801453720778227,
            -27.400421142578125,
            -0.10688425600528717,
            0.9942736625671387,
            0.00042376903002150357,
            -162.55406188964844,
            -0.005723034963011742,
            -0.001041856943629682,
            0.9999837279319763,
            -6.706905364990234,
            0.0,
            0.0,
            0.0,
            1.0
        ],
        "fitness_score": 0.8192051064900093
    },
    "1720703641.300079": {
        "final_transformation": [
            0.9957646727561951,
            0.09175962954759598,
            0.005995351821184158,
            -26.836278915405273,
            -0.09179184585809708,
            0.9957671165466309,
            0.005065086763352156,
            -159.4276580810547,
            -0.005505242384970188,
            -0.005594393704086542,
            0.9999704360961914,
            -6.594134330749512,
            0.0,
            0.0,
            0.0,
            1.0
        ],
        "fitness_score": 0.927191456989664
    },
    "1720703641.900054": {
        "final_transformation": [
            0.9981842637062073,
            0.06007484719157219,
            0.004832615610212088,
            -25.89069938659668,
            -0.06007279455661774,
            0.9981955289840698,
            -0.0011510828044265509,
            -153.3679656982422,
            -0.004893103614449501,
            0.0008582101436331868,
            0.9999898672103882,
            -6.355443000793457,
            0.0,
            0.0,
            0.0,
            1.0
        ],
        "fitness_score": 0.9105174764475956
    },
    "1720703642.200112": {
        "final_transformation": [
            0.9986439943313599,
            0.05199965462088585,
            0.0032803816720843315,
            -25.668277740478516,
            -0.052005041390657425,
            0.9986478090286255,
            0.0011271035764366388,
            -151.1563262939453,
            -0.0032174463849514723,
            -0.001296628382988274,
            0.999995768070221,
            -6.2748541831970215,
            0.0,
            0.0,
            0.0,
            1.0
        ],
        "fitness_score": 0.9005930690565452
    },
    "1720703642.500225": {
        "final_transformation": [
            0.9989029169082642,
            0.046502791345119476,
            0.005731786601245403,
            -25.162160873413086,
            -0.046487580984830856,
            0.9989157915115356,
            -0.003144274465739727,
            -147.40614318847656,
            -0.00587183702737093,
            0.0028738449327647686,
            0.9999804496765137,
            -6.132996082305908,
            0.0,
            0.0,
            0.0,
            1.0
        ],
        "fitness_score": 0.8824823271315483
    },
    "1720703642.800138": {
        "final_transformation": [
            0.9988493323326111,
            0.047921329736709595,
            0.0029149216134101152,
            -24.895557403564453,
            -0.04791411757469177,
            0.9988488554954529,
            -0.0033649776596575975,
            -145.3556365966797,
            -0.003072945401072502,
            0.0032209192868322134,
            0.9999935626983643,
            -6.052408695220947,
            0.0,
            0.0,
            0.0,
            1.0
        ],
        "fitness_score": 0.9531669279250882
    },
    "1720703643.100034": {
        "final_transformation": [
            0.9980449676513672,
            0.06232674419879913,
            -0.0049045211635529995,
            -24.501487731933594,
            -0.062350522726774216,
            0.9980462789535522,
            -0.00435761921107769,
            -141.77188110351563,
            0.004623256623744965,
            0.004654349759221077,
            0.9999804496765137,
            -5.800025463104248,
            0.0,
            0.0,
            0.0,
            1.0
        ],
        "fitness_score": 1.0892814344028596
    },
    "1720703643.400192": {
        "final_transformation": [
            0.996056079864502,
            0.08872708678245544,
            -0.0018802988342940807,
            -23.9439754486084,
            -0.08874733000993729,
            0.9959428906440735,
            -0.015022940002381802,
            -138.69558715820313,
            0.000539608474355191,
            0.01513000950217247,
            0.9998874068260193,
            -5.454163074493408,
            0.0,
            0.0,
            0.0,
            1.0
        ],
        "fitness_score": 1.1825408592711442
    },
    "1720703643.700191": {
        "final_transformation": [
            0.9944745898246765,
            0.10479221493005753,
            0.006493024528026581,
            -23.295080184936523,
            -0.10468471795320511,
            0.9943862557411194,
            -0.015415523201227188,
            -135.34596252441406,
            -0.008072113618254662,
            0.014650113880634308,
            0.9998617172241211,
            -5.25791072845459,
            0.0,
            0.0,
            0.0,
            1.0
        ],
        "fitness_score": 1.2378854401262112
    },
    "1720703644.000180": {
        "final_transformation": [
            0.9936584234237671,
            0.11224595457315445,
            0.006886746734380722,
            -22.754453659057617,
            -0.11215204000473022,
            0.9936068058013916,
            -0.013040990568697453,
            -132.79986572265625,
            -0.008306597359478474,
            0.012185446918010712,
            0.999894917011261,
            -5.118198394775391,
            0.0,
            0.0,
            0.0,
            1.0
        ],
        "fitness_score": 1.2733376057694874
    },
    "1720703644.300166": {
        "final_transformation": [
            0.9931185841560364,
            0.11686452478170395,
            0.007627816405147314,
            -22.35192108154297,
            -0.116801418364048,
            0.9931173324584961,
            -0.008551128208637238,
            -130.494140625,
            -0.008574742823839188,
            0.007600853685289621,
            0.9999350905418396,
            -5.227729320526123,
            0.0,
            0.0,
            0.0,
            1.0
        ],
        "fitness_score": 1.2736509463514536
    },
    "1720703644.600204": {
        "final_transformation": [
            0.9922913312911987,
            0.12373612076044083,
            0.007018777076154947,
            -21.656309127807617,
            -0.12372896075248718,
            0.9923140406608582,
            -0.0018052170053124428,
            -127.29019927978516,
            -0.007188289426267147,
            0.0009224159875884652,
            0.9999762177467346,
            -5.171034336090088,
            0.0,
            0.0,
            0.0,
            1.0
        ],
        "fitness_score": 1.2167985653588314
    },
    "1720703645.200128": {
        "final_transformation": [
            0.9911540150642395,
            0.13259008526802063,
            0.006218376569449902,
            -20.443378448486328,
            -0.13260088860988617,
            0.9911715388298035,
            0.0009630218264646828,
            -121.98225402832031,
            -0.0060358308255672455,
            -0.0017794826999306679,
            0.9999827742576599,
            -5.050759792327881,
            0.0,
            0.0,
            0.0,
            1.0
        ],
        "fitness_score": 1.1602457271967688
    },
    "1720703645.500051": {
        "final_transformation": [
            0.9916443228721619,
            0.1289205402135849,
            0.004845731426030397,
            -19.8305721282959,
            -0.12892994284629822,
            0.9916545152664185,
            0.0012364299036562443,
            -119.10257720947266,
            -0.004645930137485266,
            -0.0018513224786147475,
            0.9999895691871643,
            -4.935894966125488,
            0.0,
            0.0,
            0.0,
            1.0
        ],
        "fitness_score": 1.2225573171770732
    },
    "1720703646.100070": {
        "final_transformation": [
            0.9927154779434204,
            0.12028632313013077,
            0.007129514589905739,
            -18.61929702758789,
            -0.12027603387832642,
            0.9927385449409485,
            -0.002182338386774063,
            -113.34548950195313,
            -0.00734033714979887,
            0.0013084504753351212,
            0.999973475933075,
            -4.682582855224609,
            0.0,
            0.0,
            0.0,
            1.0
        ],
        "fitness_score": 1.2099638028491968
    },
    "1720703646.699801": {
        "final_transformation": [
            0.9944272637367249,
            0.1053670346736908,
            0.003991458564996719,
            -17.489288330078125,
            -0.1053512766957283,
            0.9944252967834473,
            -0.004508657846599817,
            -107.60950469970703,
            -0.004444397985935211,
            0.004062543157488108,
            0.999982476234436,
            -4.453226566314697,
            0.0,
            0.0,
            0.0,
            1.0
        ],
        "fitness_score": 1.0850209841085456
    },
    "1720703647.000103": {
        "final_transformation": [
            0.994957685470581,
            0.10022676736116409,
            -0.004146952647715807,
            -17.00053596496582,
            -0.10023427754640579,
            0.9949658513069153,
            -0.0011300540063530207,
            -104.65803527832031,
            0.004012707155197859,
            0.0015395510708913207,
            0.9999932646751404,
            -4.336418628692627,
            0.0,
            0.0,
            0.0,
            1.0
        ],
        "fitness_score": 1.0396314950427064
    },
    "1720703647.300107": {
        "final_transformation": [
            0.9953026175498962,
            0.09676409512758255,
            -0.0032040856312960386,
            -16.488473892211914,
            -0.09676560759544373,
            0.9953082203865051,
            0.00021924255997873843,
            -101.93242645263672,
            0.0032101788092404604,
            9.132971899816766e-05,
            0.999997615814209,
            -4.236973762512207,
            0.0,
            0.0,
            0.0,
            1.0
        ],
        "fitness_score": 0.9508634348532363
    },
    "1720703647.600160": {
        "final_transformation": [
            0.9956523776054382,
            0.09310520440340042,
            -0.003396801184862852,
            -15.95136547088623,
            -0.09310878813266754,
            0.9956580400466919,
            -0.0003072531253565103,
            -98.9707260131836,
            0.003353298641741276,
            0.0006217010668478906,
            0.999995231628418,
            -4.143558502197266,
            0.0,
            0.0,
            0.0,
            1.0
        ],
        "fitness_score": 0.8912263573652606
    },
    "1720703647.900058": {
        "final_transformation": [
            0.9959696531295776,
            0.08969640731811523,
            0.0011024848790839314,
            -15.408098220825195,
            -0.08969920128583908,
            0.9959708452224731,
            -0.0003142821369692683,
            -95.95130157470703,
            -0.001126298913732171,
            0.00021368221496231854,
            1.0000009536743164,
            -4.041492462158203,
            0.0,
            0.0,
            0.0,
            1.0
        ],
        "fitness_score": 0.7967066384104089
    },
    "1720703648.200135": {
        "final_transformation": [
            0.9965013861656189,
            0.0835089460015297,
            0.004060342907905579,
            -14.864245414733887,
            -0.08350245654582977,
            0.9965075850486755,
            -0.0024432681966573,
            -92.94834899902344,
            -0.004250298719853163,
            0.0020952080376446247,
            0.9999924898147583,
            -3.9381420612335205,
            0.0,
            0.0,
            0.0,
            1.0
        ],
        "fitness_score": 0.7366015073613674
    }
}