{
    "1720486032.600175": {
        "final_transformation": [
            0.9756280779838562,
            -0.2182641625404358,
            -0.02273409068584442,
            -41.08069610595703,
            0.21844711899757385,
            0.9758315086364746,
            0.00607373658567667,
            -241.0713653564453,
            0.020858855918049812,
            -0.010892468504607677,
            0.9997249245643616,
            -9.248254776000977,
            0.0,
            0.0,
            0.0,
            1.0
        ],
        "fitness_score": 2.183116316430102
    },
    "1720486032.900162": {
        "final_transformation": [
            0.9804674386978149,
            -0.1953897923231125,
            -0.0225888192653656,
            -41.23854064941406,
            0.1954863965511322,
            0.980703592300415,
            0.0023168062325567007,
            -240.59326171875,
            0.021700166165828705,
            -0.006687939167022705,
            0.9997435212135315,
            -9.257486343383789,
            0.0,
            0.0,
            0.0,
            1.0
        ],
        "fitness_score": 2.201310916226774
    },
    "1720486033.200130": {
        "final_transformation": [
            0.9841758608818054,
            -0.17585302889347076,
            -0.02187271974980831,
            -41.2600212097168,
            0.17594006657600403,
            0.9843977093696594,
            0.0023125456646084785,
            -240.16094970703125,
            0.021124672144651413,
            -0.006124816369265318,
            0.9997604489326477,
            -9.233750343322754,
            0.0,
            0.0,
            0.0,
            1.0
        ],
        "fitness_score": 2.1257202849743626
    },
    "1720486033.500193": {
        "final_transformation": [
            0.9871258735656738,
            -0.15838147699832916,
            -0.022412404417991638,
            -41.24683380126953,
            0.15846866369247437,
            0.9873615503311157,
            0.0023338068276643753,
            -239.69363403320313,
            0.021759415045380592,
            -0.005856034811586142,
            0.9997488260269165,
            -9.218321800231934,
            0.0,
            0.0,
            0.0,
            1.0
        ],
        "fitness_score": 2.188459892753636
    },
    "1720486033.800174": {
        "final_transformation": [
            0.9893463253974915,
            -0.14369505643844604,
            -0.02342291921377182,
            -41.250831604003906,
            0.14377525448799133,
            0.9896094799041748,
            0.0018799005774781108,
            -239.1510467529297,
            0.02290930598974228,
            -0.005228117108345032,
            0.9997260570526123,
            -9.179117202758789,
            0.0,
            0.0,
            0.0,
            1.0
        ],
        "fitness_score": 2.2569647989884425
    },
    "1720486034.100184": {
        "final_transformation": [
            0.9913443326950073,
            -0.12953077256679535,
            -0.021465769037604332,
            -41.26402282714844,
            0.12959490716457367,
            0.9915660619735718,
            0.0017917546210810542,
            -238.6560516357422,
            0.02105255424976349,
            -0.004558725748211145,
            0.9997698068618774,
            -9.16882610321045,
            0.0,
            0.0,
            0.0,
            1.0
        ],
        "fitness_score": 2.1459479154049954
    },
    "1720486034.400229": {
        "final_transformation": [
            0.9927074909210205,
            -0.11888778209686279,
            -0.020034775137901306,
            -41.194664001464844,
            0.118942491710186,
            0.9929001331329346,
            0.0017441845266148448,
            -238.04808044433594,
            0.019685091450810432,
            -0.004115012940019369,
            0.9997999668121338,
            -9.144804000854492,
            0.0,
            0.0,
            0.0,
            1.0
        ],
        "fitness_score": 2.1932222727976733
    },
    "1720486034.700181": {
        "final_transformation": [
            0.9936586618423462,
            -0.11072837561368942,
            -0.0196749996393919,
            -41.188812255859375,
            0.11075359582901001,
            0.9938490986824036,
            0.00036984539474360645,
            -237.36448669433594,
            0.019512925297021866,
            -0.0025471635162830353,
            0.9998077750205994,
            -9.139951705932617,
            0.0,
            0.0,
            0.0,
            1.0
        ],
        "fitness_score": 2.280164804828742
    },
    "1720486035.000087": {
        "final_transformation": [
            0.9945886135101318,
            -0.1024850457906723,
            -0.01710868999361992,
            -41.20112991333008,
            0.10247939825057983,
            0.994736909866333,
            -0.0011231043608859181,
            -236.73623657226563,
            0.017133602872490883,
            -0.0006368312751874328,
            0.9998546242713928,
            -9.134238243103027,
            0.0,
            0.0,
            0.0,
            1.0
        ],
        "fitness_score": 2.2367860295396147
    },
    "1720486035.300128": {
        "final_transformation": [
            0.9954643249511719,
            -0.09439041465520859,
            -0.012039564549922943,
            -41.201698303222656,
            0.09435804188251495,
            0.9955353140830994,
            -0.002943130210042,
            -235.97657775878906,
            0.01226347591727972,
            0.0017931896727532148,
            0.9999251365661621,
            -9.123518943786621,
            0.0,
            0.0,
            0.0,
            1.0
        ],
        "fitness_score": 2.15131615139332
    },
    "1720486035.600168": {
        "final_transformation": [
            0.9959567785263062,
            -0.08816798776388168,
            -0.01718388870358467,
            -41.240726470947266,
            0.08819161355495453,
            0.9961023330688477,
            0.0007459239568561316,
            -235.1592254638672,
            0.01705107092857361,
            -0.002258974825963378,
            0.9998540282249451,
            -9.10921573638916,
            0.0,
            0.0,
            0.0,
            1.0
        ],
        "fitness_score": 2.060947070268616
    },
    "1720486035.899257": {
        "final_transformation": [
            0.9965296983718872,
            -0.08171667158603668,
            -0.01597423106431961,
            -41.259769439697266,
            0.08176331967115402,
            0.9966517686843872,
            0.0023969709873199463,
            -234.18862915039063,
            0.015724731609225273,
            -0.003695314982905984,
            0.9998720288276672,
            -9.060256958007813,
            0.0,
            0.0,
            0.0,
            1.0
        ],
        "fitness_score": 1.9989242190203247
    },
    "1720486036.200137": {
        "final_transformation": [
            0.9972070455551147,
            -0.07352981716394424,
            -0.013320970349013805,
            -41.241477966308594,
            0.07360226660966873,
            0.9972769618034363,
            0.005192338954657316,
            -233.17559814453125,
            0.01290277298539877,
            -0.006158778909593821,
            0.9999009966850281,
            -9.045621871948242,
            0.0,
            0.0,
            0.0,
            1.0
        ],
        "fitness_score": 1.9115666052496405
    },
    "1720486036.500039": {
        "final_transformation": [
            0.9977197051048279,
            -0.06634816527366638,
            -0.012503950856626034,
            -41.26840591430664,
            0.06642024219036102,
            0.9977779984474182,
            0.005595536436885595,
            -232.1464385986328,
            0.012104829773306847,
            -0.006413820665329695,
            0.9999092221260071,
            -8.998002052307129,
            0.0,
            0.0,
            0.0,
            1.0
        ],
        "fitness_score": 1.799072716054076
    },
    "1720486036.800066": {
        "final_transformation": [
            0.9982039928436279,
            -0.0582677498459816,
            -0.014076289720833302,
            -41.2166633605957,
            0.058309685438871384,
            0.998297393321991,
            0.002768217818811536,
            -230.78799438476563,
            0.013890895992517471,
            -0.00358453206717968,
            0.9999009966850281,
            -8.976448059082031,
            0.0,
            0.0,
            0.0,
            1.0
        ],
        "fitness_score": 1.8766552273544146
    },
    "1720486037.100069": {
        "final_transformation": [
            0.9986563324928284,
            -0.049507077783346176,
            -0.015412906184792519,
            -41.1441764831543,
            0.04955526068806648,
            0.9987680315971375,
            0.0029208764899522066,
            -229.48533630371094,
            0.01524922251701355,
            -0.003681333502754569,
            0.999879002571106,
            -8.94460391998291,
            0.0,
            0.0,
            0.0,
            1.0
        ],
        "fitness_score": 1.856739454832517
    },
    "1720486037.400048": {
        "final_transformation": [
            0.9990841150283813,
            -0.040832605212926865,
            -0.012991845607757568,
            -41.06733703613281,
            0.04091447591781616,
            0.9991456866264343,
            0.0063367243856191635,
            -228.1652374267578,
            0.012721903622150421,
            -0.006862958427518606,
            0.9998986721038818,
            -8.91360855102539,
            0.0,
            0.0,
            0.0,
            1.0
        ],
        "fitness_score": 1.7816156571368098
    },
    "1720486037.700102": {
        "final_transformation": [
            0.9994251132011414,
            -0.030824385583400726,
            -0.014167515560984612,
            -40.97303009033203,
            0.030898598954081535,
            0.9995099306106567,
            0.005232024006545544,
            -226.81802368164063,
            0.013999207876622677,
            -0.005667324177920818,
            0.9998882412910461,
            -8.873183250427246,
            0.0,
            0.0,
            0.0,
            1.0
        ],
        "fitness_score": 1.6786563339791585
    },
    "1720486037.999173": {
        "final_transformation": [
            0.9996721148490906,
            -0.02049585059285164,
            -0.015359725803136826,
            -40.85124588012695,
            0.020566873252391815,
            0.9997787475585938,
            0.004596532788127661,
            -225.43203735351563,
            0.015262028202414513,
            -0.004911451600492001,
            0.9998729825019836,
            -8.832658767700195,
            0.0,
            0.0,
            0.0,
            1.0
        ],
        "fitness_score": 1.6753116876672174
    },
    "1720486038.299195": {
        "final_transformation": [
            0.9998472332954407,
            -0.009950363077223301,
            -0.014388800598680973,
            -40.71898651123047,
            0.010001040995121002,
            0.999943196773529,
            0.0036565307527780533,
            -223.9307403564453,
            0.014351512305438519,
            -0.0038004450034350157,
            0.9998911023139954,
            -8.801939964294434,
            0.0,
            0.0,
            0.0,
            1.0
        ],
        "fitness_score": 1.702596637524684
    },
    "1720486038.600129": {
        "final_transformation": [
            0.9998916983604431,
            0.003606430720537901,
            -0.01432461105287075,
            -40.6237907409668,
            -0.0035566031001508236,
            0.999987781047821,
            0.0036395560018718243,
            -222.41871643066406,
            0.0143374502658844,
            -0.0035887607373297215,
            0.9998930096626282,
            -8.750913619995117,
            0.0,
            0.0,
            0.0,
            1.0
        ],
        "fitness_score": 1.6976076928835604
    },
    "1720486038.900136": {
        "final_transformation": [
            0.9997910857200623,
            0.01634557917714119,
            -0.012364845722913742,
            -40.45579147338867,
            -0.016292020678520203,
            0.9998572468757629,
            0.004631432238966227,
            -220.7657470703125,
            0.012438698671758175,
            -0.004429526161402464,
            0.9999139308929443,
            -8.707642555236816,
            0.0,
            0.0,
            0.0,
            1.0
        ],
        "fitness_score": 1.7156189109343558
    },
    "1720486039.200089": {
        "final_transformation": [
            0.9994459748268127,
            0.03082078881561756,
            -0.012878675945103168,
            -40.27946472167969,
            -0.030799338594079018,
            0.9995255470275879,
            0.0021352823823690414,
            -219.03433227539063,
            0.012938243336975574,
            -0.001737948739901185,
            0.9999166131019592,
            -8.675498962402344,
            0.0,
            0.0,
            0.0,
            1.0
        ],
        "fitness_score": 1.7494892740922423
    },
    "1720486039.499782": {
        "final_transformation": [
            0.9990113973617554,
            0.043376531451940536,
            -0.009961058385670185,
            -40.046695709228516,
            -0.043346960097551346,
            0.9990556240081787,
            0.003475469769909978,
            -217.2875518798828,
            0.010102305561304092,
            -0.003040744923055172,
            0.999945342540741,
            -8.635553359985352,
            0.0,
            0.0,
            0.0,
            1.0
        ],
        "fitness_score": 1.7697646318600908
    },
    "1720486039.800015": {
        "final_transformation": [
            0.9981932044029236,
            0.05934350937604904,
            -0.009676408022642136,
            -39.853973388671875,
            -0.05932290479540825,
            0.998237133026123,
            0.0026817223988473415,
            -215.4122314453125,
            0.00981842540204525,
            -0.002103350590914488,
            0.9999521970748901,
            -8.599847793579102,
            0.0,
            0.0,
            0.0,
            1.0
        ],
        "fitness_score": 1.754805909972632
    },
    "1720486040.100178": {
        "final_transformation": [
            0.9970574975013733,
            0.07645542174577713,
            -0.00607083598151803,
            -39.62113571166992,
            -0.07644966244697571,
            0.9970746636390686,
            0.0017265041824430227,
            -213.48960876464844,
            0.006185007281601429,
            -0.0012578045716509223,
            0.9999808669090271,
            -8.580029487609863,
            0.0,
            0.0,
            0.0,
            1.0
        ],
        "fitness_score": 1.7298757611747932
    },
    "1720486040.400141": {
        "final_transformation": [
            0.9961485862731934,
            0.08760993182659149,
            -0.003965927753597498,
            -39.26923751831055,
            -0.08759833872318268,
            0.9961510300636292,
            0.003623237367719412,
            -211.54193115234375,
            0.004268033429980278,
            -0.0032623230945318937,
            0.9999864101409912,
            -8.565324783325195,
            0.0,
            0.0,
            0.0,
            1.0
        ],
        "fitness_score": 1.725530849953046
    },
    "1720486040.700047": {
        "final_transformation": [
            0.9953784346580505,
            0.09600888937711716,
            -0.0020272608380764723,
            -38.90777587890625,
            -0.09600857645273209,
            0.9953808784484863,
            0.0011663513723760843,
            -209.5329132080078,
            0.002129811095073819,
            -0.0009668454295024276,
            0.9999995231628418,
            -8.479918479919434,
            0.0,
            0.0,
            0.0,
            1.0
        ],
        "fitness_score": 1.5750227278841757
    },
    "1720486041.000114": {
        "final_transformation": [
            0.9948113560676575,
            0.10177101939916611,
            -0.0005946983001194894,
            -38.43496322631836,
            -0.10177283734083176,
            0.994809627532959,
            0.0009441861766390502,
            -207.1739959716797,
            0.0006876573315821588,
            -0.000879210710991174,
            1.0000015497207642,
            -8.404245376586914,
            0.0,
            0.0,
            0.0,
            1.0
        ],
        "fitness_score": 1.453804164636151
    },
    "1720486041.300133": {
        "final_transformation": [
            0.9943036437034607,
            0.10660399496555328,
            -0.0008864834671840072,
            -37.930564880371094,
            -0.10660551488399506,
            0.994303822517395,
            0.0005591437802650034,
            -204.8359375,
            0.000940976373385638,
            -0.00046188721898943186,
            1.000002145767212,
            -8.297385215759277,
            0.0,
            0.0,
            0.0,
            1.0
        ],
        "fitness_score": 1.4658407162375822
    },
    "1720486041.599293": {
        "final_transformation": [
            0.9941771030426025,
            0.10777661204338074,
            0.00077293865615502,
            -37.47224426269531,
            -0.1077781543135643,
            0.9941768050193787,
            -0.0008532471256330609,
            -202.48828125,
            -0.0008604385075159371,
            0.0007645172299817204,
            1.0000005960464478,
            -8.22683334350586,
            0.0,
            0.0,
            0.0,
            1.0
        ],
        "fitness_score": 1.3282754774170034
    },
    "1720486041.900066": {
        "final_transformation": [
            0.9940320253372192,
            0.1091005951166153,
            0.0011024847626686096,
            -36.96674728393555,
            -0.10910355299711227,
            0.9940328001976013,
            0.0008674366981722414,
            -200.08543395996094,
            -0.0010013014543801546,
            -0.0009830000344663858,
            1.0000015497207642,
            -8.137328147888184,
            0.0,
            0.0,
            0.0,
            1.0
        ],
        "fitness_score": 1.324726666903525
    },
    "1720486042.200186": {
        "final_transformation": [
            0.993765652179718,
            0.1114543229341507,
            0.0035764710046350956,
            -36.47947311401367,
            -0.1114610955119133,
            0.9937695264816284,
            0.0011223821202293038,
            -197.6396942138672,
            -0.003429134376347065,
            -0.0015144244534894824,
            0.9999951720237732,
            -8.003247261047363,
            0.0,
            0.0,
            0.0,
            1.0
        ],
        "fitness_score": 1.2723738345758258
    },
    "1720486042.500147": {
        "final_transformation": [
            0.9933467507362366,
            0.11511918157339096,
            0.003461618907749653,
            -36.0228271484375,
            -0.11511501669883728,
            0.9933517575263977,
            -0.00191520678345114,
            -195.1737823486328,
            -0.0036591312382370234,
            0.0015034697717055678,
            0.9999949336051941,
            -7.887263298034668,
            0.0,
            0.0,
            0.0,
            1.0
        ],
        "fitness_score": 1.19926100524613
    },
    "1720486042.800179": {
        "final_transformation": [
            0.9933025240898132,
            0.11550144851207733,
            0.0037812385708093643,
            -35.515403747558594,
            -0.11549047380685806,
            0.9933054447174072,
            -0.0034598445054143667,
            -192.51669311523438,
            -0.0041555799543857574,
            0.002999502932652831,
            0.9999887943267822,
            -7.78282356262207,
            0.0,
            0.0,
            0.0,
            1.0
        ],
        "fitness_score": 1.1459729351698453
    },
    "1720486043.100152": {
        "final_transformation": [
            0.9933549761772156,
            0.11509029567241669,
            0.0015685847029089928,
            -34.981590270996094,
            -0.11508997529745102,
            0.9933552742004395,
            -0.0015334816416725516,
            -189.96812438964844,
            -0.0017347640823572874,
            0.001342295901849866,
            0.9999999403953552,
            -7.7007598876953125,
            0.0,
            0.0,
            0.0,
            1.0
        ],
        "fitness_score": 1.0666508349574497
    },
    "1720486043.400134": {
        "final_transformation": [
            0.9933189153671265,
            0.11540361493825912,
            -0.0010531939333304763,
            -34.49057388305664,
            -0.11540717631578445,
            0.9933189153671265,
            -0.001600147457793355,
            -187.49761962890625,
            0.0008613815880380571,
            0.0017105055740103126,
            1.0,
            -7.600349426269531,
            0.0,
            0.0,
            0.0,
            1.0
        ],
        "fitness_score": 0.9630658568243244
    }
}