{
    "1720754348.696856": {
        "final_transformation": [
            -0.9989531636238098,
            -0.03368842974305153,
            -0.030974606052041054,
            -20.87196159362793,
            0.03574120253324509,
            -0.9970295429229736,
            -0.06822405755519867,
            14.919902801513672,
            -0.028584426268935204,
            -0.06926006078720093,
            0.9971893429756165,
            -0.36152172088623047,
            0.0,
            0.0,
            0.0,
            1.0
        ],
        "fitness_score": 0.2474087262833325
    },
    "1720754348.999557": {
        "final_transformation": [
            -0.9989010691642761,
            -0.03175850212574005,
            -0.03449336439371109,
            -21.2861385345459,
            0.034107230603694916,
            -0.9969865083694458,
            -0.06970291584730148,
            11.458270072937012,
            -0.03217588737607002,
            -0.07080301642417908,
            0.9969725608825684,
            -0.4685341417789459,
            0.0,
            0.0,
            0.0,
            1.0
        ],
        "fitness_score": 0.24499062769126145
    },
    "1720754349.300086": {
        "final_transformation": [
            -0.9988751411437988,
            -0.03479640930891037,
            -0.03224116191267967,
            -21.59819984436035,
            0.036936573684215546,
            -0.9969877600669861,
            -0.06823824346065521,
            9.114988327026367,
            -0.029769698157906532,
            -0.0693526342511177,
            0.9971488118171692,
            -0.5364222526550293,
            0.0,
            0.0,
            0.0,
            1.0
        ],
        "fitness_score": 0.23934167785057806
    },
    "1720754349.600072": {
        "final_transformation": [
            -0.9987061619758606,
            -0.03605251386761665,
            -0.035849034786224365,
            -22.04138946533203,
            0.038473941385746,
            -0.9968582987785339,
            -0.06925662606954575,
            5.6984429359436035,
            -0.03323972225189209,
            -0.07054655998945236,
            0.9969547390937805,
            -0.6846699714660645,
            0.0,
            0.0,
            0.0,
            1.0
        ],
        "fitness_score": 0.2129133172249069
    },
    "1720754349.900085": {
        "final_transformation": [
            -0.9985048174858093,
            -0.03900732100009918,
            -0.0382905974984169,
            -22.353439331054688,
            0.041410766541957855,
            -0.9970906376838684,
            -0.06403566151857376,
            3.4089736938476563,
            -0.035681482404470444,
            -0.06552589684724808,
            0.9972143173217773,
            -0.7592741250991821,
            0.0,
            0.0,
            0.0,
            1.0
        ],
        "fitness_score": 0.21533869465621946
    },
    "1720754350.200077": {
        "final_transformation": [
            -0.9983800053596497,
            -0.04046418517827988,
            -0.0400448814034462,
            -22.72700309753418,
            0.04313106834888458,
            -0.9967475533485413,
            -0.06808885186910629,
            -0.002701383549720049,
            -0.03715968132019043,
            -0.06970574706792831,
            0.9968755841255188,
            -0.8809799551963806,
            0.0,
            0.0,
            0.0,
            1.0
        ],
        "fitness_score": 0.20045058247902364
    },
    "1720754350.500057": {
        "final_transformation": [
            -0.9981288313865662,
            -0.043339040130376816,
            -0.04316828399896622,
            -23.121267318725586,
            0.046095676720142365,
            -0.9968226552009583,
            -0.06500215083360672,
            -3.108585834503174,
            -0.04021414369344711,
            -0.06687051057815552,
            0.996953547000885,
            -0.9946393966674805,
            0.0,
            0.0,
            0.0,
            1.0
        ],
        "fitness_score": 0.20028111307586868
    },
    "1720754350.800133": {
        "final_transformation": [
            -0.997917652130127,
            -0.046602267771959305,
            -0.04461880028247833,
            -23.421377182006836,
            0.04944024607539177,
            -0.9966748356819153,
            -0.06474223732948303,
            -5.632130146026611,
            -0.04145379737019539,
            -0.06681375205516815,
            0.9969037771224976,
            -1.0735838413238525,
            0.0,
            0.0,
            0.0,
            1.0
        ],
        "fitness_score": 0.21426604031170043
    },
    "1720754351.100080": {
        "final_transformation": [
            -0.9976919293403625,
            -0.050205178558826447,
            -0.04573311284184456,
            -23.916147232055664,
            0.053088292479515076,
            -0.9965283870697021,
            -0.06413137912750244,
            -9.34337043762207,
            -0.04235488548874855,
            -0.06641146540641785,
            0.996894359588623,
            -1.213179111480713,
            0.0,
            0.0,
            0.0,
            1.0
        ],
        "fitness_score": 0.19439588335134503
    },
    "1720754351.400048": {
        "final_transformation": [
            -0.997584879398346,
            -0.05338812991976738,
            -0.04445473477244377,
            -24.259687423706055,
            0.056107278913259506,
            -0.9964801073074341,
            -0.062301937490701675,
            -11.910329818725586,
            -0.04097225144505501,
            -0.0646459236741066,
            0.997066855430603,
            -1.2932672500610352,
            0.0,
            0.0,
            0.0,
            1.0
        ],
        "fitness_score": 0.19210038853442937
    },
    "1720754351.700051": {
        "final_transformation": [
            -0.9975900650024414,
            -0.05569617822766304,
            -0.041401732712984085,
            -24.798336029052734,
            0.0582636222243309,
            -0.9962758421897888,
            -0.06358157098293304,
            -15.755846977233887,
            -0.037706393748521805,
            -0.06584074348211288,
            0.9971180558204651,
            -1.4276045560836792,
            0.0,
            0.0,
            0.0,
            1.0
        ],
        "fitness_score": 0.19079214616002407
    },
    "1720754352.000015": {
        "final_transformation": [
            -0.9975824356079102,
            -0.05737612396478653,
            -0.03921660780906677,
            -25.14088249206543,
            0.059794701635837555,
            -0.9961894154548645,
            -0.06350819766521454,
            -18.378799438476563,
            -0.03542352095246315,
            -0.06569992750883102,
            0.9972112774848938,
            -1.5297597646713257,
            0.0,
            0.0,
            0.0,
            1.0
        ],
        "fitness_score": 0.20304517732672295
    },
    "1720754353.200132": {
        "final_transformation": [
            -0.9971351027488708,
            -0.06675880402326584,
            -0.03556877002120018,
            -27.167255401611328,
            0.06915288418531418,
            -0.9950839281082153,
            -0.07092605531215668,
            -32.352996826171875,
            -0.030659213662147522,
            -0.0731828361749649,
            0.9968464374542236,
            -2.172271490097046,
            0.0,
            0.0,
            0.0,
            1.0
        ],
        "fitness_score": 0.2659686748306904
    },
    "1720754353.500214": {
        "final_transformation": [
            -0.9972663521766663,
            -0.06781655550003052,
            -0.029407791793346405,
            -27.767898559570313,
            0.06988739222288132,
            -0.9946419596672058,
            -0.07618684321641922,
            -36.1472282409668,
            -0.024083785712718964,
            -0.07803413271903992,
            0.9966609477996826,
            -2.3140854835510254,
            0.0,
            0.0,
            0.0,
            1.0
        ],
        "fitness_score": 0.26550661940675796
    },
    "1720754353.800153": {
        "final_transformation": [
            -0.9972063302993774,
            -0.06885229796171188,
            -0.029049109667539597,
            -28.04964256286621,
            0.07076066732406616,
            -0.9949904084205627,
            -0.07063853740692139,
            -38.234378814697266,
            -0.024040210992097855,
            -0.07249697297811508,
            0.9970805644989014,
            -2.358759641647339,
            0.0,
            0.0,
            0.0,
            1.0
        ],
        "fitness_score": 0.28999996776724707
    },
    "1720754354.100214": {
        "final_transformation": [
            -0.9972050786018372,
            -0.0694054663181305,
            -0.027706298977136612,
            -28.675657272338867,
            0.07125838100910187,
            -0.9948142766952515,
            -0.07258088886737823,
            -42.17066192626953,
            -0.022525344043970108,
            -0.07435265183448792,
            0.9969786405563354,
            -2.5245349407196045,
            0.0,
            0.0,
            0.0,
            1.0
        ],
        "fitness_score": 0.28412527695582196
    },
    "1720754354.398933": {
        "final_transformation": [
            -0.9970036149024963,
            -0.0698314905166626,
            -0.033347055315971375,
            -29.185110092163086,
            0.07208669185638428,
            -0.9948011636734009,
            -0.07193947583436966,
            -45.42710494995117,
            -0.028150314465165138,
            -0.07412811368703842,
            0.9968530535697937,
            -2.6960089206695557,
            0.0,
            0.0,
            0.0,
            1.0
        ],
        "fitness_score": 0.2720768650531751
    },
    "1720754354.699258": {
        "final_transformation": [
            -0.9969547390937805,
            -0.0682557001709938,
            -0.0377560555934906,
            -29.541301727294922,
            0.07085711508989334,
            -0.9948555827140808,
            -0.07241766154766083,
            -47.85247802734375,
            -0.03261915221810341,
            -0.07487262785434723,
            0.9966611266136169,
            -2.849261999130249,
            0.0,
            0.0,
            0.0,
            1.0
        ],
        "fitness_score": 0.2781101883144246
    },
    "1720754355.000232": {
        "final_transformation": [
            -0.9965493083000183,
            -0.07089264690876007,
            -0.04319413751363754,
            -30.12529182434082,
            0.07392405718564987,
            -0.9945813417434692,
            -0.07312783598899841,
            -51.542545318603516,
            -0.03777601942420006,
            -0.07606872916221619,
            0.9963878989219666,
            -2.9660911560058594,
            0.0,
            0.0,
            0.0,
            1.0
        ],
        "fitness_score": 0.2271458809161784
    },
    "1720754355.300184": {
        "final_transformation": [
            -0.9967882633209229,
            -0.06953249126672745,
            -0.03977946937084198,
            -30.656126022338867,
            0.07236705720424652,
            -0.9945665001869202,
            -0.07485546171665192,
            -54.98503494262695,
            -0.0343586690723896,
            -0.07749401777982712,
            0.996402382850647,
            -3.1109776496887207,
            0.0,
            0.0,
            0.0,
            1.0
        ],
        "fitness_score": 0.23921442673375884
    },
    "1720754355.599633": {
        "final_transformation": [
            -0.9968448281288147,
            -0.06964892148971558,
            -0.038077257573604584,
            -31.036983489990234,
            0.07225075364112854,
            -0.9947984218597412,
            -0.07179384678602219,
            -57.63677978515625,
            -0.03287908807396889,
            -0.07431884109973907,
            0.9966931343078613,
            -3.208238363265991,
            0.0,
            0.0,
            0.0,
            1.0
        ],
        "fitness_score": 0.24760343109420246
    },
    "1720754355.900179": {
        "final_transformation": [
            -0.9968673586845398,
            -0.06898332387208939,
            -0.03869878873229027,
            -31.536165237426758,
            0.07159517705440521,
            -0.9949268102645874,
            -0.07067863643169403,
            -60.961795806884766,
            -0.03362710401415825,
            -0.07322821766138077,
            0.996747612953186,
            -3.303344964981079,
            0.0,
            0.0,
            0.0,
            1.0
        ],
        "fitness_score": 0.22545697769000425
    },
    "1720754356.200186": {
        "final_transformation": [
            -0.9967945218086243,
            -0.06839997321367264,
            -0.04149877652525902,
            -31.883943557739258,
            0.07119480520486832,
            -0.9950004816055298,
            -0.07002770155668259,
            -63.444313049316406,
            -0.036501720547676086,
            -0.0727580115199089,
            0.9966806769371033,
            -3.4219963550567627,
            0.0,
            0.0,
            0.0,
            1.0
        ],
        "fitness_score": 0.2360639667830179
    },
    "1720754356.500158": {
        "final_transformation": [
            -0.9966700673103333,
            -0.06799229234457016,
            -0.04503457993268967,
            -32.32958984375,
            0.07098227739334106,
            -0.995126485824585,
            -0.0684419646859169,
            -66.349609375,
            -0.040161870419979095,
            -0.07141105085611343,
            0.9966403841972351,
            -3.532500982284546,
            0.0,
            0.0,
            0.0,
            1.0
        ],
        "fitness_score": 0.2614331152505213
    },
    "1720754356.799748": {
        "final_transformation": [
            -0.9966261386871338,
            -0.06693121045827866,
            -0.047500357031822205,
            -32.749149322509766,
            0.07000351697206497,
            -0.9953456521034241,
            -0.0662151649594307,
            -69.17877960205078,
            -0.04284774512052536,
            -0.06931740045547485,
            0.9966759085655212,
            -3.6029720306396484,
            0.0,
            0.0,
            0.0,
            1.0
        ],
        "fitness_score": 0.3032244625946711
    },
    "1720754357.100178": {
        "final_transformation": [
            -0.996542751789093,
            -0.06469902396202087,
            -0.05212990194559097,
            -33.02555465698242,
            0.06836077570915222,
            -0.9950758814811707,
            -0.07175837457180023,
            -72.55827331542969,
            -0.04723076894879341,
            -0.07507424056529999,
            0.9960610866546631,
            -3.732757329940796,
            0.0,
            0.0,
            0.0,
            1.0
        ],
        "fitness_score": 0.4837654433026397
    },
    "1720754357.400229": {
        "final_transformation": [
            -0.9964439868927002,
            -0.0653267428278923,
            -0.05322616919875145,
            -33.424842834472656,
            0.06928228586912155,
            -0.994687020778656,
            -0.07615470141172409,
            -75.24202728271484,
            -0.04796861112117767,
            -0.07957179844379425,
            0.9956760406494141,
            -3.791512966156006,
            0.0,
            0.0,
            0.0,
            1.0
        ],
        "fitness_score": 0.5487951501571529
    },
    "1720754357.700132": {
        "final_transformation": [
            -0.9963643550872803,
            -0.06786133348941803,
            -0.05152488127350807,
            -33.769859313964844,
            0.07177408039569855,
            -0.9943474531173706,
            -0.07826223224401474,
            -77.44818115234375,
            -0.04592275619506836,
            -0.0816759467124939,
            0.9956017136573792,
            -3.8976447582244873,
            0.0,
            0.0,
            0.0,
            1.0
        ],
        "fitness_score": 0.5377922726779812
    },
    "1720754358.000139": {
        "final_transformation": [
            -0.9963299632072449,
            -0.07116412371397018,
            -0.04757455736398697,
            -34.16175079345703,
            0.07469256967306137,
            -0.994231641292572,
            -0.07697383314371109,
            -79.96696472167969,
            -0.041822534054517746,
            -0.08024512231349945,
            0.9958990216255188,
            -4.112865447998047,
            0.0,
            0.0,
            0.0,
            1.0
        ],
        "fitness_score": 0.45285438934305794
    },
    "1720754358.300172": {
        "final_transformation": [
            -0.9963181614875793,
            -0.07236535102128983,
            -0.046005766838788986,
            -34.509761810302734,
            0.0759657546877861,
            -0.9937372207641602,
            -0.08195962011814117,
            -82.13947296142578,
            -0.039786793291568756,
            -0.08515296131372452,
            0.9955756664276123,
            -4.260412216186523,
            0.0,
            0.0,
            0.0,
            1.0
        ],
        "fitness_score": 0.3962902776263812
    },
    "1720754358.600145": {
        "final_transformation": [
            -0.9960208535194397,
            -0.07736507803201675,
            -0.04429912194609642,
            -34.968284606933594,
            0.0805690810084343,
            -0.9938703775405884,
            -0.07573328912258148,
            -84.5475845336914,
            -0.03816855698823929,
            -0.07900118827819824,
            0.9961456656455994,
            -4.361133575439453,
            0.0,
            0.0,
            0.0,
            1.0
        ],
        "fitness_score": 0.31664738011999
    },
    "1720754358.900064": {
        "final_transformation": [
            -0.9961334466934204,
            -0.07814732193946838,
            -0.04018765687942505,
            -35.455596923828125,
            0.08100267499685287,
            -0.9938849806785583,
            -0.07506035268306732,
            -87.47138214111328,
            -0.03407633304595947,
            -0.07802562415599823,
            0.9963709712028503,
            -4.57009744644165,
            0.0,
            0.0,
            0.0,
            1.0
        ],
        "fitness_score": 0.31270785774435034
    },
    "1720754359.200047": {
        "final_transformation": [
            -0.9960777759552002,
            -0.07907940447330475,
            -0.039732061326503754,
            -35.82060241699219,
            0.08151514083147049,
            -0.9946240782737732,
            -0.0638681948184967,
            -89.3469009399414,
            -0.03446805104613304,
            -0.06685677915811539,
            0.9971681237220764,
            -4.628396511077881,
            0.0,
            0.0,
            0.0,
            1.0
        ],
        "fitness_score": 0.315222508265589
    },
    "1720754359.500110": {
        "final_transformation": [
            -0.9959508180618286,
            -0.08033766597509384,
            -0.040341127663850784,
            -36.29281234741211,
            0.08270955830812454,
            -0.9947081804275513,
            -0.06095371022820473,
            -92.15655517578125,
            -0.035231009125709534,
            -0.06404381990432739,
            0.9973267912864685,
            -4.6929168701171875,
            0.0,
            0.0,
            0.0,
            1.0
        ],
        "fitness_score": 0.3581099044648238
    },
    "1720754359.800133": {
        "final_transformation": [
            -0.995927095413208,
            -0.08139552175998688,
            -0.03883228451013565,
            -36.7099609375,
            0.08363635092973709,
            -0.9946901798248291,
            -0.06001195311546326,
            -94.74884796142578,
            -0.033741582185029984,
            -0.06301562488079071,
            0.9974451065063477,
            -4.784084796905518,
            0.0,
            0.0,
            0.0,
            1.0
        ],
        "fitness_score": 0.42483349443182256
    },
    "1720754360.100036": {
        "final_transformation": [
            -0.9954594373703003,
            -0.08590507507324219,
            -0.04101796820759773,
            -37.09405517578125,
            0.08815412223339081,
            -0.9945037364959717,
            -0.056513167917728424,
            -97.28056335449219,
            -0.03593799099326134,
            -0.05987277254462242,
            0.9975593686103821,
            -4.830915927886963,
            0.0,
            0.0,
            0.0,
            1.0
        ],
        "fitness_score": 0.5069995599552957
    },
    "1720754360.699568": {
        "final_transformation": [
            -0.9936157464981079,
            -0.10262655466794968,
            -0.0468515083193779,
            -37.97078323364258,
            0.1049497202038765,
            -0.993216335773468,
            -0.050087738782167435,
            -102.70779418945313,
            -0.041393596678972244,
            -0.054685335606336594,
            0.9976451396942139,
            -4.900484561920166,
            0.0,
            0.0,
            0.0,
            1.0
        ],
        "fitness_score": 0.8707001645396891
    },
    "1720754361.000105": {
        "final_transformation": [
            -0.9922314882278442,
            -0.11197394877672195,
            -0.05421742424368858,
            -37.25048065185547,
            0.11472202092409134,
            -0.9921146035194397,
            -0.05049532651901245,
            -105.92247772216797,
            -0.04813592508435249,
            -0.05632328242063522,
            0.997252881526947,
            -4.855007171630859,
            0.0,
            0.0,
            0.0,
            1.0
        ],
        "fitness_score": 1.3186869088068318
    },
    "1720754361.300110": {
        "final_transformation": [
            -0.9906054735183716,
            -0.12318633496761322,
            -0.059380512684583664,
            -37.547882080078125,
            0.12600934505462646,
            -0.9909470677375793,
            -0.04634217172861099,
            -108.7703628540039,
            -0.05313446745276451,
            -0.05338970944285393,
            0.9971609711647034,
            -4.9217915534973145,
            0.0,
            0.0,
            0.0,
            1.0
        ],
        "fitness_score": 1.4614582819668753
    },
    "1720754361.599919": {
        "final_transformation": [
            -0.9899857044219971,
            -0.12921974062919617,
            -0.05686134099960327,
            -39.150352478027344,
            0.1322968453168869,
            -0.9897345900535583,
            -0.05411174148321152,
            -111.6902084350586,
            -0.049285437911748886,
            -0.061092689633369446,
            0.9969159364700317,
            -5.076056003570557,
            0.0,
            0.0,
            0.0,
            1.0
        ],
        "fitness_score": 1.1708154462468965
    },
    "1720754361.899966": {
        "final_transformation": [
            -0.9900529980659485,
            -0.13046230375766754,
            -0.05268057808279991,
            -40.24222946166992,
            0.13347123563289642,
            -0.9893382787704468,
            -0.05828056111931801,
            -113.72846984863281,
            -0.044515710324048996,
            -0.06473247706890106,
            0.9969099760055542,
            -5.242620944976807,
            0.0,
            0.0,
            0.0,
            1.0
        ],
        "fitness_score": 0.9084594284537603
    },
    "1720754362.197884": {
        "final_transformation": [
            -0.9900745749473572,
            -0.13261277973651886,
            -0.04651195928454399,
            -40.91752624511719,
            0.13531900942325592,
            -0.9889332056045532,
            -0.06081705540418625,
            -116.51563262939453,
            -0.03793232887983322,
            -0.06650770455598831,
            0.9970651268959045,
            -5.473830223083496,
            0.0,
            0.0,
            0.0,
            1.0
        ],
        "fitness_score": 0.6125256084268139
    },
    "1720754362.499622": {
        "final_transformation": [
            -0.989738941192627,
            -0.13612711429595947,
            -0.04345257580280304,
            -41.559940338134766,
            0.13862298429012299,
            -0.988480269908905,
            -0.0607684925198555,
            -119.67671966552734,
            -0.03467998653650284,
            -0.06616871803998947,
            0.9972074031829834,
            -5.656473159790039,
            0.0,
            0.0,
            0.0,
            1.0
        ],
        "fitness_score": 0.49462468271767485
    },
    "1720754362.800122": {
        "final_transformation": [
            -0.9896871447563171,
            -0.13751700520515442,
            -0.040085285902023315,
            -42.44295120239258,
            0.13977453112602234,
            -0.98834627866745,
            -0.060278672724962234,
            -123.40289306640625,
            -0.03132897987961769,
            -0.06526035070419312,
            0.9973761439323425,
            -5.875665664672852,
            0.0,
            0.0,
            0.0,
            1.0
        ],
        "fitness_score": 0.4024229405639457
    },
    "1720754363.100078": {
        "final_transformation": [
            -0.9896073937416077,
            -0.13740381598472595,
            -0.042409498244524,
            -42.99919891357422,
            0.13986776769161224,
            -0.9882319569587708,
            -0.06190725043416023,
            -126.07144165039063,
            -0.03340435028076172,
            -0.06719595193862915,
            0.9971802234649658,
            -5.99800443649292,
            0.0,
            0.0,
            0.0,
            1.0
        ],
        "fitness_score": 0.3906303426328683
    },
    "1720754363.400205": {
        "final_transformation": [
            -0.9900035858154297,
            -0.13409623503684998,
            -0.04374956339597702,
            -43.84522247314453,
            0.13658329844474792,
            -0.9888186454772949,
            -0.05987310782074928,
            -129.65032958984375,
            -0.03523179143667221,
            -0.06525032967329025,
            0.997247040271759,
            -6.137330532073975,
            0.0,
            0.0,
            0.0,
            1.0
        ],
        "fitness_score": 0.36051950060340593
    }
}