{
    "1720482952.400220": {
        "final_transformation": [
            0.9996671676635742,
            -0.025729531422257423,
            0.002047798363491893,
            2.127880811691284,
            0.025737082585692406,
            0.9996575117111206,
            -0.004867807030677795,
            142.29010009765625,
            -0.0019219700479879975,
            0.00491843419149518,
            0.9999879598617554,
            4.621828079223633,
            0.0,
            0.0,
            0.0,
            1.0
        ],
        "fitness_score": 0.44048889373839295
    },
    "1720482952.700099": {
        "final_transformation": [
            0.9996709823608398,
            -0.025581475347280502,
            0.0020847388077527285,
            2.131505012512207,
            0.02558906003832817,
            0.999661922454834,
            -0.0046571046113967896,
            142.40513610839844,
            -0.001965022413060069,
            0.004708465188741684,
            0.9999884366989136,
            4.631453514099121,
            0.0,
            0.0,
            0.0,
            1.0
        ],
        "fitness_score": 0.44415462410682127
    },
    "1720482953.000132": {
        "final_transformation": [
            0.9996669888496399,
            -0.02581978589296341,
            0.001840562908910215,
            2.142256259918213,
            0.025825729593634605,
            0.9996593594551086,
            -0.004290166310966015,
            142.20834350585938,
            -0.0017292542615905404,
            0.0043358090333640575,
            0.9999903440475464,
            4.639857769012451,
            0.0,
            0.0,
            0.0,
            1.0
        ],
        "fitness_score": 0.41922997306189974
    },
    "1720482953.300128": {
        "final_transformation": [
            0.999681830406189,
            -0.025234069675207138,
            0.0013541755033656955,
            2.1950325965881348,
            0.0252383965998888,
            0.9996724724769592,
            -0.004300649277865887,
            142.0721893310547,
            -0.001245277002453804,
            0.0043329778127372265,
            0.9999915361404419,
            4.650993824005127,
            0.0,
            0.0,
            0.0,
            1.0
        ],
        "fitness_score": 0.3978518016146923
    },
    "1720482953.600132": {
        "final_transformation": [
            0.9996727108955383,
            -0.025673748925328255,
            0.0005216532154008746,
            2.238617420196533,
            0.025674398988485336,
            0.9996606111526489,
            -0.004669321700930595,
            142.3531494140625,
            -0.000401694473112002,
            0.004680742044001818,
            0.9999914169311523,
            4.655815601348877,
            0.0,
            0.0,
            0.0,
            1.0
        ],
        "fitness_score": 0.40872912418974394
    },
    "1720482953.900187": {
        "final_transformation": [
            0.9996925592422485,
            -0.024841824546456337,
            0.0003689366567414254,
            2.304612159729004,
            0.02484196051955223,
            0.999681830406189,
            -0.004561103880405426,
            142.32705688476563,
            -0.00025562886730767787,
            0.004568394739180803,
            0.999991238117218,
            4.670520782470703,
            0.0,
            0.0,
            0.0,
            1.0
        ],
        "fitness_score": 0.4026899391610491
    },
    "1720482954.200183": {
        "final_transformation": [
            0.9996802806854248,
            -0.025274278596043587,
            -8.080567931756377e-05,
            2.3803625106811523,
            0.025270868092775345,
            0.9996703267097473,
            -0.004671832546591759,
            142.64276123046875,
            0.00019873474957421422,
            0.0046677966602146626,
            0.9999905824661255,
            4.701683521270752,
            0.0,
            0.0,
            0.0,
            1.0
        ],
        "fitness_score": 0.41862224175362706
    },
    "1720482954.500124": {
        "final_transformation": [
            0.9996954798698425,
            -0.02462533861398697,
            -0.0006085574277676642,
            2.395750045776367,
            0.024619873613119125,
            0.9996862411499023,
            -0.004537956323474646,
            142.4232177734375,
            0.0007199960527941585,
            0.004521118011325598,
            0.999989926815033,
            4.705776691436768,
            0.0,
            0.0,
            0.0,
            1.0
        ],
        "fitness_score": 0.39598694319478717
    },
    "1720482954.800054": {
        "final_transformation": [
            0.9997243285179138,
            -0.023440558463335037,
            -0.0013176994398236275,
            2.385948419570923,
            0.023431194946169853,
            0.9997150301933289,
            -0.004750072956085205,
            142.19041442871094,
            0.0014285651268437505,
            0.0047173453494906425,
            0.9999902248382568,
            4.708254337310791,
            0.0,
            0.0,
            0.0,
            1.0
        ],
        "fitness_score": 0.3682630058449063
    },
    "1720482955.100053": {
        "final_transformation": [
            0.999713122844696,
            -0.02395514026284218,
            -0.0013432978885248303,
            2.3403406143188477,
            0.02394684962928295,
            0.9997023940086365,
            -0.0046953316777944565,
            142.21209716796875,
            0.0014552855864167213,
            0.004661269951611757,
            0.9999905228614807,
            4.715111255645752,
            0.0,
            0.0,
            0.0,
            1.0
        ],
        "fitness_score": 0.3637171796601149
    },
    "1720482955.400061": {
        "final_transformation": [
            0.9997156858444214,
            -0.023809416219592094,
            -0.001987100811675191,
            2.3718154430389404,
            0.023798124864697456,
            0.9997066259384155,
            -0.004646543879061937,
            142.2054901123047,
            0.002097096759825945,
            0.004597478546202183,
            0.9999882578849792,
            4.7285261154174805,
            0.0,
            0.0,
            0.0,
            1.0
        ],
        "fitness_score": 0.3495391063878615
    },
    "1720482956.000144": {
        "final_transformation": [
            0.9997247457504272,
            -0.02341706119477749,
            -0.0023096255026757717,
            2.4206082820892334,
            0.02340349555015564,
            0.9997149705886841,
            -0.005019368138164282,
            142.19281005859375,
            0.002426407067105174,
            0.004963528364896774,
            0.9999856352806091,
            4.747368335723877,
            0.0,
            0.0,
            0.0,
            1.0
        ],
        "fitness_score": 0.3377025483151206
    },
    "1720482956.300233": {
        "final_transformation": [
            0.9997281432151794,
            -0.023206083104014397,
            -0.0025648160371929407,
            2.418919086456299,
            0.02318936586380005,
            0.9997197389602661,
            -0.005195029079914093,
            142.16357421875,
            0.0026845321990549564,
            0.005133651662617922,
            0.9999855756759644,
            4.751942157745361,
            0.0,
            0.0,
            0.0,
            1.0
        ],
        "fitness_score": 0.33024009193790527
    },
    "1720482956.600135": {
        "final_transformation": [
            0.999735951423645,
            -0.022885223850607872,
            -0.002282610395923257,
            2.3917341232299805,
            0.02287115715444088,
            0.9997249245643616,
            -0.005096073728054762,
            142.20838928222656,
            0.002398509532213211,
            0.005041993223130703,
            0.9999861121177673,
            4.766056060791016,
            0.0,
            0.0,
            0.0,
            1.0
        ],
        "fitness_score": 0.3333486226485292
    },
    "1720482956.900109": {
        "final_transformation": [
            0.9997352957725525,
            -0.02283436618745327,
            -0.003021246287971735,
            2.4161629676818848,
            0.022816136479377747,
            0.9997273683547974,
            -0.0052167256362736225,
            142.1516876220703,
            0.003139425767585635,
            0.0051459213718771935,
            0.999983549118042,
            4.777812957763672,
            0.0,
            0.0,
            0.0,
            1.0
        ],
        "fitness_score": 0.32126519876560206
    },
    "1720482957.500102": {
        "final_transformation": [
            0.9997221827507019,
            -0.023366274312138557,
            -0.003459315048530698,
            2.391911506652832,
            0.02334645204246044,
            0.9997143745422363,
            -0.00526002049446106,
            142.20562744140625,
            0.0035811259876936674,
            0.005177349783480167,
            0.9999812841415405,
            4.779623031616211,
            0.0,
            0.0,
            0.0,
            1.0
        ],
        "fitness_score": 0.31483305571690456
    },
    "1720482957.798882": {
        "final_transformation": [
            0.999722421169281,
            -0.023325594142079353,
            -0.003416701452806592,
            2.3861587047576904,
            0.023305166512727737,
            0.9997138381004333,
            -0.005345401354134083,
            142.24940490722656,
            0.00354029075242579,
            0.005263781175017357,
            0.9999806880950928,
            4.7887492179870605,
            0.0,
            0.0,
            0.0,
            1.0
        ],
        "fitness_score": 0.3208197476462823
    },
    "1720482958.099158": {
        "final_transformation": [
            0.9997363686561584,
            -0.022755542770028114,
            -0.0031008224468678236,
            2.380023717880249,
            0.02273787185549736,
            0.9997272491455078,
            -0.005154996179044247,
            142.18516540527344,
            0.003217217978090048,
            0.005082613322883844,
            0.9999826550483704,
            4.7971343994140625,
            0.0,
            0.0,
            0.0,
            1.0
        ],
        "fitness_score": 0.32637553527213264
    },
    "1720482958.399124": {
        "final_transformation": [
            0.9997178316116333,
            -0.023573247715830803,
            -0.0030102937016636133,
            2.354562520980835,
            0.023556362837553024,
            0.9997097253799438,
            -0.004979062359780073,
            142.20819091796875,
            0.003126690397039056,
            0.004906222224235535,
            0.9999836683273315,
            4.787811279296875,
            0.0,
            0.0,
            0.0,
            1.0
        ],
        "fitness_score": 0.34497951677138444
    },
    "1720482958.700115": {
        "final_transformation": [
            0.9997149705886841,
            -0.023789452388882637,
            -0.0030816420912742615,
            2.356919527053833,
            0.023771289736032486,
            0.9997062087059021,
            -0.005221083760261536,
            142.36915588378906,
            0.003204809734597802,
            0.005145858973264694,
            0.9999832510948181,
            4.795733451843262,
            0.0,
            0.0,
            0.0,
            1.0
        ],
        "fitness_score": 0.35969281200742154
    },
    "1720482959.000092": {
        "final_transformation": [
            0.9997532367706299,
            -0.021937701851129532,
            -0.0037698675878345966,
            2.4335274696350098,
            0.02191571705043316,
            0.9997463822364807,
            -0.005270427092909813,
            142.1913604736328,
            0.0038844349328428507,
            0.0051859719678759575,
            0.9999814033508301,
            4.780848979949951,
            0.0,
            0.0,
            0.0,
            1.0
        ],
        "fitness_score": 0.3483969989840218
    },
    "1720482959.300084": {
        "final_transformation": [
            0.9997835755348206,
            -0.020525500178337097,
            -0.003714018501341343,
            2.4663257598876953,
            0.020503634586930275,
            0.9997755885124207,
            -0.005411147605627775,
            142.28367614746094,
            0.003824165090918541,
            0.005333307199180126,
            0.999980092048645,
            4.791787147521973,
            0.0,
            0.0,
            0.0,
            1.0
        ],
        "fitness_score": 0.3680003251417183
    },
    "1720482959.600134": {
        "final_transformation": [
            0.9997686147689819,
            -0.021338200196623802,
            -0.003399413079023361,
            2.419762134552002,
            0.021318359300494194,
            0.9997599124908447,
            -0.005294453352689743,
            142.21258544921875,
            0.0035114935599267483,
            0.0052202437072992325,
            0.9999822974205017,
            4.799282073974609,
            0.0,
            0.0,
            0.0,
            1.0
        ],
        "fitness_score": 0.36060247735137974
    },
    "1720482960.200158": {
        "final_transformation": [
            0.9997385740280151,
            -0.022652165964245796,
            -0.0035647780168801546,
            2.4059224128723145,
            0.022629695013165474,
            0.9997301697731018,
            -0.005619981326162815,
            142.32691955566406,
            0.0036909773480147123,
            0.0055373664945364,
            0.9999803304672241,
            4.8066558837890625,
            0.0,
            0.0,
            0.0,
            1.0
        ],
        "fitness_score": 0.35559081353367444
    },
    "1720482960.800162": {
        "final_transformation": [
            0.9997131824493408,
            -0.023652512580156326,
            -0.0040962654165923595,
            2.4026811122894287,
            0.023627249523997307,
            0.9997050762176514,
            -0.005677122622728348,
            142.2216033935547,
            0.004229215905070305,
            0.0055781579576432705,
            0.9999772310256958,
            4.7997517585754395,
            0.0,
            0.0,
            0.0,
            1.0
        ],
        "fitness_score": 0.3291020320194023
    },
    "1720482961.100074": {
        "final_transformation": [
            0.999712347984314,
            -0.02368403971195221,
            -0.0037097700405865908,
            2.408069133758545,
            0.023661339655518532,
            0.9997056126594543,
            -0.00541318766772747,
            142.163330078125,
            0.003836758667603135,
            0.0053233494982123375,
            0.9999796748161316,
            4.814326286315918,
            0.0,
            0.0,
            0.0,
            1.0
        ],
        "fitness_score": 0.31276189682751837
    },
    "1720482961.400048": {
        "final_transformation": [
            0.9997206926345825,
            -0.023345788940787315,
            -0.0040765912272036076,
            2.366089344024658,
            0.02331954799592495,
            0.9997129440307617,
            -0.005784967914223671,
            142.19287109375,
            0.004210332408547401,
            0.00568775599822402,
            0.9999774098396301,
            4.804792881011963,
            0.0,
            0.0,
            0.0,
            1.0
        ],
        "fitness_score": 0.3114521734926821
    },
    "1720482961.700125": {
        "final_transformation": [
            0.9997243285179138,
            -0.02318730391561985,
            -0.004120012279599905,
            2.3430745601654053,
            0.023161912336945534,
            0.9997183084487915,
            -0.005556842312216759,
            142.13339233398438,
            0.004247565288096666,
            0.005459378473460674,
            0.9999776482582092,
            4.803005695343018,
            0.0,
            0.0,
            0.0,
            1.0
        ],
        "fitness_score": 0.30694025857608276
    },
    "1720482962.000103": {
        "final_transformation": [
            0.9997479319572449,
            -0.022049682214856148,
            -0.004316852428019047,
            2.3483457565307617,
            0.02202165126800537,
            0.9997411370277405,
            -0.0058884769678115845,
            142.23326110839844,
            0.0044454364106059074,
            0.005791444797068834,
            0.9999752640724182,
            4.804579734802246,
            0.0,
            0.0,
            0.0,
            1.0
        ],
        "fitness_score": 0.31894438717774104
    },
    "1720482962.300076": {
        "final_transformation": [
            0.9997414350509644,
            -0.022352643311023712,
            -0.0041733551770448685,
            2.352428913116455,
            0.022324366495013237,
            0.9997329115867615,
            -0.006120059173554182,
            142.2466278076172,
            0.004308903589844704,
            0.006024804897606373,
            0.9999754428863525,
            4.809761047363281,
            0.0,
            0.0,
            0.0,
            1.0
        ],
        "fitness_score": 0.3226286360437366
    },
    "1720482962.600139": {
        "final_transformation": [
            0.9997324347496033,
            -0.022774027660489082,
            -0.004172477871179581,
            2.400345802307129,
            0.02274603396654129,
            0.9997246265411377,
            -0.0059898183681070805,
            142.21255493164063,
            0.004307598806917667,
            0.005892837420105934,
            0.9999756217002869,
            4.814152240753174,
            0.0,
            0.0,
            0.0,
            1.0
        ],
        "fitness_score": 0.3225140629450543
    },
    "1720482963.200129": {
        "final_transformation": [
            0.9997414350509644,
            -0.022516300901770592,
            -0.0035256934352219105,
            2.3759102821350098,
            0.022491956129670143,
            0.9997303485870361,
            -0.006112906616181135,
            142.1754913330078,
            0.0036622248589992523,
            0.006031530909240246,
            0.9999778270721436,
            4.827192306518555,
            0.0,
            0.0,
            0.0,
            1.0
        ],
        "fitness_score": 0.3127592766484891
    },
    "1720482963.800050": {
        "final_transformation": [
            0.9997079968452454,
            -0.023927811533212662,
            -0.0037380836438387632,
            2.33229398727417,
            0.023902876302599907,
            0.9996974468231201,
            -0.006065109744668007,
            142.15298461914063,
            0.0038819299079477787,
            0.005973455961793661,
            0.9999788999557495,
            4.823482513427734,
            0.0,
            0.0,
            0.0,
            1.0
        ],
        "fitness_score": 0.2989227329583505
    },
    "1720482964.400080": {
        "final_transformation": [
            0.9997074007987976,
            -0.0238740723580122,
            -0.004055398050695658,
            2.346951961517334,
            0.023846734315156937,
            0.9996991157531738,
            -0.005950614344328642,
            142.3047637939453,
            0.004196093883365393,
            0.0058517055585980415,
            0.9999763369560242,
            4.822810173034668,
            0.0,
            0.0,
            0.0,
            1.0
        ],
        "fitness_score": 0.31571678776985834
    },
    "1720482964.700057": {
        "final_transformation": [
            0.9997267127037048,
            -0.023173628374934196,
            -0.003689997596666217,
            2.345787286758423,
            0.02314852923154831,
            0.9997172951698303,
            -0.0059668817557394505,
            142.29002380371094,
            0.003827044740319252,
            0.005879336968064308,
            0.9999788403511047,
            4.829159259796143,
            0.0,
            0.0,
            0.0,
            1.0
        ],
        "fitness_score": 0.320966012018721
    },
    "1720482964.999985": {
        "final_transformation": [
            0.9997304677963257,
            -0.022897403687238693,
            -0.003858586074784398,
            2.3617684841156006,
            0.022870581597089767,
            0.9997217059135437,
            -0.0061543104238808155,
            142.3624267578125,
            0.003998291213065386,
            0.006063937209546566,
            0.999976396560669,
            4.827956199645996,
            0.0,
            0.0,
            0.0,
            1.0
        ],
        "fitness_score": 0.33730157931737614
    }
}