{
    "1720754372.998883": {
        "final_transformation": [
            -0.999064564704895,
            -0.018443837761878967,
            -0.03912389278411865,
            -62.68453598022461,
            0.02089804783463478,
            -0.997779369354248,
            -0.06324218958616257,
            -225.66354370117188,
            -0.03787092864513397,
            -0.06400097161531448,
            0.9972324371337891,
            -9.223875999450684,
            0.0,
            0.0,
            0.0,
            1.0
        ],
        "fitness_score": 0.33138028065494735
    },
    "1720754373.297633": {
        "final_transformation": [
            -0.998626172542572,
            0.011256605386734009,
            -0.05119544267654419,
            -62.806583404541016,
            -0.008275844156742096,
            -0.998285174369812,
            -0.057994190603494644,
            -227.3157501220703,
            -0.05176055431365967,
            -0.05749097838997841,
            0.9970059394836426,
            -9.271286010742188,
            0.0,
            0.0,
            0.0,
            1.0
        ],
        "fitness_score": 0.35713934383305546
    },
    "1720754373.598872": {
        "final_transformation": [
            -0.9976202249526978,
            0.047980908304452896,
            -0.049555011093616486,
            -62.815330505371094,
            -0.04479502886533737,
            -0.9969767332077026,
            -0.06350105255842209,
            -228.8701629638672,
            -0.05245225876569748,
            -0.06113029271364212,
            0.9967524409294128,
            -9.311652183532715,
            0.0,
            0.0,
            0.0,
            1.0
        ],
        "fitness_score": 0.3589686290948739
    },
    "1720754373.900270": {
        "final_transformation": [
            -0.9946369528770447,
            0.09406238049268723,
            -0.04302484914660454,
            -62.77570343017578,
            -0.09120792150497437,
            -0.9937722086906433,
            -0.06404387205839157,
            -230.39398193359375,
            -0.04878118634223938,
            -0.059776365756988525,
            0.9970216751098633,
            -9.332562446594238,
            0.0,
            0.0,
            0.0,
            1.0
        ],
        "fitness_score": 0.36058218737684455
    },
    "1720754374.200220": {
        "final_transformation": [
            -0.9875120520591736,
            0.14769357442855835,
            -0.0548693910241127,
            -62.68571090698242,
            -0.1440127193927765,
            -0.987384557723999,
            -0.06585409492254257,
            -231.90786743164063,
            -0.06390339881181717,
            -0.0571298748254776,
            0.9963218569755554,
            -9.38664436340332,
            0.0,
            0.0,
            0.0,
            1.0
        ],
        "fitness_score": 0.37499459643546124
    },
    "1720754374.500026": {
        "final_transformation": [
            -0.9754633903503418,
            0.21367435157299042,
            -0.053049392998218536,
            -62.43258285522461,
            -0.20993877947330475,
            -0.9753381013870239,
            -0.06811969727277756,
            -233.34767150878906,
            -0.06629671901464462,
            -0.05531139671802521,
            0.996268093585968,
            -9.350759506225586,
            0.0,
            0.0,
            0.0,
            1.0
        ],
        "fitness_score": 0.4269075087772278
    },
    "1720754374.800086": {
        "final_transformation": [
            -0.9551167488098145,
            0.2928232252597809,
            -0.044848062098026276,
            -62.055206298828125,
            -0.2901938557624817,
            -0.9552741646766663,
            -0.0569341704249382,
            -234.54100036621094,
            -0.059513892978429794,
            -0.041364189237356186,
            0.9973719120025635,
            -9.3687105178833,
            0.0,
            0.0,
            0.0,
            1.0
        ],
        "fitness_score": 0.43231695836758216
    },
    "1720754375.698771": {
        "final_transformation": [
            -0.8346760272979736,
            0.5503171682357788,
            -0.02161843702197075,
            -60.453041076660156,
            -0.5482196807861328,
            -0.8339673280715942,
            -0.06287020444869995,
            -237.22515869140625,
            -0.05262778326869011,
            -0.04062480852007866,
            0.9977880716323853,
            -9.363151550292969,
            0.0,
            0.0,
            0.0,
            1.0
        ],
        "fitness_score": 0.6377351272953578
    },
    "1720754376.000072": {
        "final_transformation": [
            -0.7747220396995544,
            0.6321309804916382,
            -0.01488887332379818,
            -59.75837326049805,
            -0.6304042935371399,
            -0.7740036249160767,
            -0.05921824276447296,
            -237.85520935058594,
            -0.048957861959934235,
            -0.03649185970425606,
            0.9981358647346497,
            -9.333669662475586,
            0.0,
            0.0,
            0.0,
            1.0
        ],
        "fitness_score": 0.734937873146432
    },
    "1720754376.298842": {
        "final_transformation": [
            -0.706546425819397,
            0.7076401114463806,
            -0.006158169358968735,
            -59.054039001464844,
            -0.7062339186668396,
            -0.7056432366371155,
            -0.057441260665655136,
            -238.43399047851563,
            -0.04499335587024689,
            -0.036236125975847244,
            0.9983325004577637,
            -9.350932121276855,
            0.0,
            0.0,
            0.0,
            1.0
        ],
        "fitness_score": 1.0591524396721577
    },
    "1720754376.600059": {
        "final_transformation": [
            -0.6331443190574646,
            0.7740308046340942,
            -0.0027608175296336412,
            -58.37575912475586,
            -0.7723990082740784,
            -0.6320331692695618,
            -0.06271708011627197,
            -238.89089965820313,
            -0.050289954990148544,
            -0.03757668286561966,
            0.9980288147926331,
            -9.323838233947754,
            0.0,
            0.0,
            0.0,
            1.0
        ],
        "fitness_score": 1.0133090829121831
    },
    "1720754376.900074": {
        "final_transformation": [
            -0.5516648888587952,
            0.8340345025062561,
            0.007534309756010771,
            -57.636844635009766,
            -0.832715630531311,
            -0.5502325892448425,
            -0.06188889220356941,
            -239.1738739013672,
            -0.04747184365987778,
            -0.040416013449430466,
            0.9980568289756775,
            -9.308616638183594,
            0.0,
            0.0,
            0.0,
            1.0
        ],
        "fitness_score": 1.1773719178313518
    },
    "1720754377.197878": {
        "final_transformation": [
            -0.46356451511383057,
            0.8859159350395203,
            0.01626274362206459,
            -56.87958526611328,
            -0.8847848773002625,
            -0.46182921528816223,
            -0.06219879537820816,
            -239.38381958007813,
            -0.047592341899871826,
            -0.04322236776351929,
            0.9979334473609924,
            -9.300920486450195,
            0.0,
            0.0,
            0.0,
            1.0
        ],
        "fitness_score": 1.4396776024614164
    },
    "1720754377.500049": {
        "final_transformation": [
            -0.3692072331905365,
            0.9290760159492493,
            0.0225403793156147,
            -56.01533508300781,
            -0.9281867146492004,
            -0.36742353439331055,
            -0.05891599506139755,
            -239.4235382080078,
            -0.04645552858710289,
            -0.04267401620745659,
            0.9980087280273438,
            -9.27653980255127,
            0.0,
            0.0,
            0.0,
            1.0
        ],
        "fitness_score": 1.6797678978012125
    },
    "1720754377.800107": {
        "final_transformation": [
            -0.27637970447540283,
            0.9606641530990601,
            0.027202827855944633,
            -55.08467483520508,
            -0.960025429725647,
            -0.274667888879776,
            -0.053934767842292786,
            -239.4151153564453,
            -0.044341497123241425,
            -0.041022107005119324,
            0.9981752038002014,
            -9.277667045593262,
            0.0,
            0.0,
            0.0,
            1.0
        ],
        "fitness_score": 1.9868426924279883
    },
    "1720754378.099117": {
        "final_transformation": [
            -0.18328818678855896,
            0.9826347231864929,
            0.028930244967341423,
            -54.25664138793945,
            -0.9817121624946594,
            -0.18141499161720276,
            -0.05773676559329033,
            -239.37860107421875,
            -0.05148569494485855,
            -0.03898372873663902,
            0.9979131817817688,
            -9.238641738891602,
            0.0,
            0.0,
            0.0,
            1.0
        ],
        "fitness_score": 2.2098672226601646
    },
    "1720754378.399710": {
        "final_transformation": [
            -0.08671434223651886,
            0.9957743883132935,
            0.030249711126089096,
            -53.285343170166016,
            -0.9948692917823792,
            -0.08496619015932083,
            -0.05491937696933746,
            -239.27493286132813,
            -0.05211711674928665,
            -0.03485700488090515,
            0.9980340003967285,
            -9.176897048950195,
            0.0,
            0.0,
            0.0,
            1.0
        ],
        "fitness_score": 2.3883148389666107
    },
    "1720754378.699335": {
        "final_transformation": [
            0.01026850938796997,
            0.9994800686836243,
            0.03058847226202488,
            -52.35131072998047,
            -0.9986735582351685,
            0.011795327998697758,
            -0.050130099058151245,
            -239.2087860107422,
            -0.05046481266617775,
            -0.030033357441425323,
            0.9982748031616211,
            -9.155269622802734,
            0.0,
            0.0,
            0.0,
            1.0
        ],
        "fitness_score": 2.560200538168988
    },
    "1720754379.600060": {
        "final_transformation": [
            0.3053664267063141,
            0.9516031742095947,
            0.03473765775561333,
            -50.20542907714844,
            -0.9506963491439819,
            0.3067436218261719,
            -0.04569486528635025,
            -238.22952270507813,
            -0.054138876497745514,
            -0.01907149702310562,
            0.9983542561531067,
            -9.241120338439941,
            0.0,
            0.0,
            0.0,
            1.0
        ],
        "fitness_score": 2.70752210355135
    },
    "1720754379.900083": {
        "final_transformation": [
            0.4018782377243042,
            0.9151378870010376,
            0.03195282816886902,
            -49.666236877441406,
            -0.9146051406860352,
            0.40285879373550415,
            -0.03476289287209511,
            -238.0070037841797,
            -0.04468521103262901,
            -0.015253965742886066,
            0.9988873600959778,
            -9.248466491699219,
            0.0,
            0.0,
            0.0,
            1.0
        ],
        "fitness_score": 2.3471593435520606
    },
    "1720754380.198202": {
        "final_transformation": [
            0.49253371357917786,
            0.8696158528327942,
            0.03437558934092522,
            -48.931671142578125,
            -0.8690641522407532,
            0.493551641702652,
            -0.033696338534355164,
            -237.4966583251953,
            -0.04626899212598801,
            -0.013278323225677013,
            0.9988428950309753,
            -9.24209976196289,
            0.0,
            0.0,
            0.0,
            1.0
        ],
        "fitness_score": 2.3947998640319574
    },
    "1720754380.500138": {
        "final_transformation": [
            0.5786160230636597,
            0.8149151802062988,
            0.03342550992965698,
            -48.38520050048828,
            -0.814491868019104,
            0.5794811248779297,
            -0.028430435806512833,
            -237.27243041992188,
            -0.04253780469298363,
            -0.010774807073175907,
            0.9990376830101013,
            -9.233120918273926,
            0.0,
            0.0,
            0.0,
            1.0
        ],
        "fitness_score": 2.3453776507900495
    },
    "1720754380.800060": {
        "final_transformation": [
            0.6550315022468567,
            0.7550197839736938,
            0.0297111663967371,
            -47.882877349853516,
            -0.7547828555107117,
            0.6556466817855835,
            -0.02088956907391548,
            -237.0484161376953,
            -0.035251978784799576,
            -0.008742423728108406,
            0.9993422627449036,
            -9.194815635681152,
            0.0,
            0.0,
            0.0,
            1.0
        ],
        "fitness_score": 2.131218667762821
    },
    "1720754381.100007": {
        "final_transformation": [
            0.7203532457351685,
            0.6929485201835632,
            0.030283156782388687,
            -47.42490005493164,
            -0.6928210854530334,
            0.7209300994873047,
            -0.016257017850875854,
            -236.7443084716797,
            -0.03309724107384682,
            -0.009270299226045609,
            0.9994107484817505,
            -9.186724662780762,
            0.0,
            0.0,
            0.0,
            1.0
        ],
        "fitness_score": 1.9456497663822838
    }
}