{
    "1720485059.500118": {
        "final_transformation": [
            -0.07252345234155655,
            -0.9961704015731812,
            -0.04883115738630295,
            41.59693908691406,
            0.996820867061615,
            -0.07077597826719284,
            -0.03662716597318649,
            201.96726989746094,
            0.03303055092692375,
            -0.05133269727230072,
            0.9981354475021362,
            8.263009071350098,
            0.0,
            0.0,
            0.0,
            1.0
        ],
        "fitness_score": 3.3692172555156947
    },
    "1720485059.800195": {
        "final_transformation": [
            -0.068269282579422,
            -0.9964631795883179,
            -0.04901759326457977,
            38.986724853515625,
            0.997015118598938,
            -0.06636833399534225,
            -0.03942583501338959,
            201.98976135253906,
            0.03603290021419525,
            -0.05156342312693596,
            0.9980202317237854,
            8.259406089782715,
            0.0,
            0.0,
            0.0,
            1.0
        ],
        "fitness_score": 2.72877515631912
    },
    "1720485060.099306": {
        "final_transformation": [
            -0.06519841402769089,
            -0.9964154958724976,
            -0.053892966359853745,
            36.140628814697266,
            0.9972525238990784,
            -0.06316132098436356,
            -0.038690440356731415,
            202.03128051757813,
            0.03514757379889488,
            -0.0562681145966053,
            0.9977962374687195,
            8.214790344238281,
            0.0,
            0.0,
            0.0,
            1.0
        ],
        "fitness_score": 2.648236922379542
    },
    "1720485060.399144": {
        "final_transformation": [
            -0.0671253576874733,
            -0.9964099526405334,
            -0.05163806304335594,
            33.23358917236328,
            0.9971209168434143,
            -0.06516309082508087,
            -0.03879847005009651,
            202.2455596923828,
            0.0352940708398819,
            -0.054094310849905014,
            0.9979144930839539,
            8.188591003417969,
            0.0,
            0.0,
            0.0,
            1.0
        ],
        "fitness_score": 2.4876613516722927
    },
    "1720485060.699187": {
        "final_transformation": [
            -0.06563851982355118,
            -0.9963275790214539,
            -0.055019885301589966,
            30.605318069458008,
            0.9971410036087036,
            -0.06342322379350662,
            -0.041093893349170685,
            202.41253662109375,
            0.037453290075063705,
            -0.05756046995520592,
            0.9976416230201721,
            8.148492813110352,
            0.0,
            0.0,
            0.0,
            1.0
        ],
        "fitness_score": 2.4306609740030134
    },
    "1720485060.999603": {
        "final_transformation": [
            -0.06510166823863983,
            -0.9962373375892639,
            -0.05720818042755127,
            28.228944778442383,
            0.9970752000808716,
            -0.06264270097017288,
            -0.043782785534858704,
            202.57647705078125,
            0.04003410413861275,
            -0.05989166721701622,
            0.9973990321159363,
            8.131325721740723,
            0.0,
            0.0,
            0.0,
            1.0
        ],
        "fitness_score": 2.3509166478759265
    },
    "1720485061.299910": {
        "final_transformation": [
            -0.06807181239128113,
            -0.9964632391929626,
            -0.04929933324456215,
            25.477643966674805,
            0.9968574047088623,
            -0.06592708081007004,
            -0.04390031099319458,
            202.57191467285156,
            0.0404946468770504,
            -0.05213339626789093,
            0.9978193044662476,
            8.108250617980957,
            0.0,
            0.0,
            0.0,
            1.0
        ],
        "fitness_score": 2.258241408367604
    },
    "1720485061.600096": {
        "final_transformation": [
            -0.06888000667095184,
            -0.9960211515426636,
            -0.05660922825336456,
            23.186132431030273,
            0.9966418743133545,
            -0.06618116796016693,
            -0.04824259132146835,
            202.75311279296875,
            0.04430394992232323,
            -0.05974264070391655,
            0.9972335696220398,
            8.080252647399902,
            0.0,
            0.0,
            0.0,
            1.0
        ],
        "fitness_score": 2.2843110032353
    },
    "1720485061.899758": {
        "final_transformation": [
            -0.07108459621667862,
            -0.9959967732429504,
            -0.054202474653720856,
            20.955902099609375,
            0.9963527917861938,
            -0.06832996755838394,
            -0.05109574645757675,
            202.80548095703125,
            0.047187402844429016,
            -0.05763765424489975,
            0.9972221255302429,
            8.028018951416016,
            0.0,
            0.0,
            0.0,
            1.0
        ],
        "fitness_score": 2.2184855117235003
    },
    "1720485062.200166": {
        "final_transformation": [
            -0.07744747400283813,
            -0.9950135350227356,
            -0.06287303566932678,
            18.061981201171875,
            0.9960242509841919,
            -0.07443421334028244,
            -0.04894202575087547,
            203.01809692382813,
            0.044017814099788666,
            -0.06641409546136856,
            0.9968209862709045,
            8.000907897949219,
            0.0,
            0.0,
            0.0,
            1.0
        ],
        "fitness_score": 2.2254342690871445
    },
    "1720485062.500139": {
        "final_transformation": [
            -0.08807440102100372,
            -0.9944092035293579,
            -0.058257102966308594,
            16.061328887939453,
            0.9949450492858887,
            -0.08498667180538177,
            -0.05352620780467987,
            203.0861053466797,
            0.048275597393512726,
            -0.06267739832401276,
            0.9968662261962891,
            8.020120620727539,
            0.0,
            0.0,
            0.0,
            1.0
        ],
        "fitness_score": 1.9743793708130024
    },
    "1720485062.799157": {
        "final_transformation": [
            -0.10073452442884445,
            -0.9937080144882202,
            -0.0489397868514061,
            14.578779220581055,
            0.9937199950218201,
            -0.09808418154716492,
            -0.05385161563754082,
            203.00375366210938,
            0.04871232435107231,
            -0.05405775085091591,
            0.9973491430282593,
            7.968688011169434,
            0.0,
            0.0,
            0.0,
            1.0
        ],
        "fitness_score": 1.9256214571469599
    },
    "1720485063.400059": {
        "final_transformation": [
            -0.13136613368988037,
            -0.989736795425415,
            -0.056239087134599686,
            11.553364753723145,
            0.9901365637779236,
            -0.12821002304553986,
            -0.05648123100399971,
            202.63641357421875,
            0.048691052943468094,
            -0.06310486793518066,
            0.996818482875824,
            7.932313919067383,
            0.0,
            0.0,
            0.0,
            1.0
        ],
        "fitness_score": 1.8236045001692567
    },
    "1720485063.697440": {
        "final_transformation": [
            -0.153009295463562,
            -0.986797571182251,
            -0.0530526228249073,
            10.264165878295898,
            0.9871585965156555,
            -0.1501341015100479,
            -0.05453101545572281,
            201.95513916015625,
            0.04584600776433945,
            -0.06071590632200241,
            0.997099757194519,
            7.901818752288818,
            0.0,
            0.0,
            0.0,
            1.0
        ],
        "fitness_score": 1.7813115742320387
    },
    "1720485064.000128": {
        "final_transformation": [
            -0.18486043810844421,
            -0.9813908338546753,
            -0.05197116732597351,
            9.232437133789063,
            0.9818758368492126,
            -0.18218499422073364,
            -0.052262935787439346,
            201.61871337890625,
            0.04182177037000656,
            -0.06069127842783928,
            0.9972825050354004,
            7.846541404724121,
            0.0,
            0.0,
            0.0,
            1.0
        ],
        "fitness_score": 1.7202321320339957
    },
    "1720485064.300127": {
        "final_transformation": [
            -0.21765606105327606,
            -0.9746643900871277,
            -0.0515337809920311,
            8.241374015808105,
            0.9748708605766296,
            -0.2145303636789322,
            -0.06002167984843254,
            201.49728393554688,
            0.04744527488946915,
            -0.06330358237028122,
            0.9968686699867249,
            7.860143661499023,
            0.0,
            0.0,
            0.0,
            1.0
        ],
        "fitness_score": 1.7382002701731267
    },
    "1720485064.600220": {
        "final_transformation": [
            -0.2501307725906372,
            -0.9669853448867798,
            -0.04874611273407936,
            6.991920471191406,
            0.967235803604126,
            -0.24729704856872559,
            -0.05748153105378151,
            201.39173889160156,
            0.04352884367108345,
            -0.061527401208877563,
            0.9971604347229004,
            7.830860137939453,
            0.0,
            0.0,
            0.0,
            1.0
        ],
        "fitness_score": 1.735476337558267
    },
    "1720485064.899444": {
        "final_transformation": [
            -0.2834542691707611,
            -0.9577633738517761,
            -0.04835108295083046,
            5.57167387008667,
            0.9580855369567871,
            -0.28064313530921936,
            -0.05755477026104927,
            201.44728088378906,
            0.04155433550477028,
            -0.06263934075832367,
            0.9971714615821838,
            7.827961444854736,
            0.0,
            0.0,
            0.0,
            1.0
        ],
        "fitness_score": 1.7343900794495133
    },
    "1720485065.200187": {
        "final_transformation": [
            -0.3181247115135193,
            -0.9469284415245056,
            -0.04602961242198944,
            4.579196929931641,
            0.9472111463546753,
            -0.31543195247650146,
            -0.05737105756998062,
            201.13973999023438,
            0.039807017892599106,
            -0.06185172125697136,
            0.997291624546051,
            7.777237415313721,
            0.0,
            0.0,
            0.0,
            1.0
        ],
        "fitness_score": 1.6947195653930385
    },
    "1720485065.500245": {
        "final_transformation": [
            -0.35192281007766724,
            -0.9347727298736572,
            -0.04848724976181984,
            3.8381974697113037,
            0.9350658655166626,
            -0.3487369418144226,
            -0.06354876607656479,
            200.92105102539063,
            0.04249417781829834,
            -0.06770350784063339,
            0.9968010783195496,
            7.77196741104126,
            0.0,
            0.0,
            0.0,
            1.0
        ],
        "fitness_score": 1.6784994603216625
    },
    "1720485065.799288": {
        "final_transformation": [
            -0.38365498185157776,
            -0.9221987724304199,
            -0.04854801669716835,
            3.0906569957733154,
            0.9225890636444092,
            -0.38045281171798706,
            -0.06388797610998154,
            200.76141357421875,
            0.04044703021645546,
            -0.06930147856473923,
            0.9967751502990723,
            7.746888637542725,
            0.0,
            0.0,
            0.0,
            1.0
        ],
        "fitness_score": 1.6448047346746002
    },
    "1720485066.100124": {
        "final_transformation": [
            -0.41124632954597473,
            -0.9102461338043213,
            -0.04821188002824783,
            2.467463493347168,
            0.9106795191764832,
            -0.4080162048339844,
            -0.0646725744009018,
            200.56201171875,
            0.039196666330099106,
            -0.07050270587205887,
            0.9967402219772339,
            7.755207061767578,
            0.0,
            0.0,
            0.0,
            1.0
        ],
        "fitness_score": 1.674659455885524
    },
    "1720485066.400167": {
        "final_transformation": [
            -0.4393046498298645,
            -0.8973033428192139,
            -0.043085213750600815,
            1.839052677154541,
            0.8975101113319397,
            -0.43633848428726196,
            -0.06388404965400696,
            200.19752502441406,
            0.03852352872490883,
            -0.0667346715927124,
            0.9970277547836304,
            7.717177867889404,
            0.0,
            0.0,
            0.0,
            1.0
        ],
        "fitness_score": 1.6489715877243751
    },
    "1720485066.700034": {
        "final_transformation": [
            -0.4646816551685333,
            -0.8844097852706909,
            -0.043478839099407196,
            1.2377744913101196,
            0.8846721053123474,
            -0.46160751581192017,
            -0.06537119299173355,
            199.9867401123047,
            0.03774455934762955,
            -0.06884191930294037,
            0.9969131946563721,
            7.7181806564331055,
            0.0,
            0.0,
            0.0,
            1.0
        ],
        "fitness_score": 1.6253919580068614
    },
    "1720485067.300068": {
        "final_transformation": [
            -0.5137267112731934,
            -0.8569662570953369,
            -0.04117980971932411,
            -0.4868498146533966,
            0.8571323156356812,
            -0.5105385780334473,
            -0.0683949813246727,
            199.0412139892578,
            0.037588026374578476,
            -0.07043328136205673,
            0.9968094229698181,
            7.642624378204346,
            0.0,
            0.0,
            0.0,
            1.0
        ],
        "fitness_score": 1.4443751380698975
    },
    "1720485067.600127": {
        "final_transformation": [
            -0.5381919145584106,
            -0.841752290725708,
            -0.0424816757440567,
            -1.1951489448547363,
            0.8420566320419312,
            -0.5348683595657349,
            -0.0697273463010788,
            198.45643615722656,
            0.03597080707550049,
            -0.07329921424388885,
            0.9966641068458557,
            7.618802547454834,
            0.0,
            0.0,
            0.0,
            1.0
        ],
        "fitness_score": 1.3079228475666378
    },
    "1720485067.900217": {
        "final_transformation": [
            -0.5619422197341919,
            -0.8261051177978516,
            -0.04211312532424927,
            -1.6943086385726929,
            0.8263127207756042,
            -0.5582940578460693,
            -0.07431060075759888,
            198.07891845703125,
            0.03787665814161301,
            -0.07655733823776245,
            0.9963470697402954,
            7.591606616973877,
            0.0,
            0.0,
            0.0,
            1.0
        ],
        "fitness_score": 1.1968632096416367
    },
    "1720485068.199603": {
        "final_transformation": [
            -0.5858574509620667,
            -0.809385359287262,
            -0.04090295732021332,
            -2.1540260314941406,
            0.8096714615821838,
            -0.5824041962623596,
            -0.07242134213447571,
            197.7903289794922,
            0.03479438275098801,
            -0.07554680854082108,
            0.9965370893478394,
            7.571464538574219,
            0.0,
            0.0,
            0.0,
            1.0
        ],
        "fitness_score": 1.148664736990915
    },
    "1720485068.500116": {
        "final_transformation": [
            -0.6131072640419006,
            -0.7888084053993225,
            -0.04336760565638542,
            -2.7014825344085693,
            0.7894337177276611,
            -0.6096650958061218,
            -0.07145719230175018,
            197.38665771484375,
            0.029926160350441933,
            -0.07804744690656662,
            0.9965037107467651,
            7.537987232208252,
            0.0,
            0.0,
            0.0,
            1.0
        ],
        "fitness_score": 1.1448091418074997
    },
    "1720485068.799219": {
        "final_transformation": [
            -0.6429638862609863,
            -0.7647107243537903,
            -0.042636845260858536,
            -3.2059872150421143,
            0.7650759816169739,
            -0.6386935114860535,
            -0.08207310736179352,
            197.07891845703125,
            0.03553003817796707,
            -0.08539089560508728,
            0.9957166910171509,
            7.503396987915039,
            0.0,
            0.0,
            0.0,
            1.0
        ],
        "fitness_score": 1.1280105106504932
    },
    "1720485069.100065": {
        "final_transformation": [
            -0.6724361777305603,
            -0.7391098737716675,
            -0.039340682327747345,
            -3.813410520553589,
            0.739194393157959,
            -0.667896568775177,
            -0.08665607124567032,
            196.63864135742188,
            0.03777272626757622,
            -0.08735169470310211,
            0.9954636096954346,
            7.473390579223633,
            0.0,
            0.0,
            0.0,
            1.0
        ],
        "fitness_score": 1.1435966145264564
    },
    "1720485069.399206": {
        "final_transformation": [
            -0.6998026371002197,
            -0.7131811380386353,
            -0.040637314319610596,
            -4.455928802490234,
            0.7135911583900452,
            -0.6953319311141968,
            -0.08546266704797745,
            196.192138671875,
            0.03269372507929802,
            -0.08880587667226791,
            0.9955137968063354,
            7.429769992828369,
            0.0,
            0.0,
            0.0,
            1.0
        ],
        "fitness_score": 1.2299955713768833
    },
    "1720485069.700118": {
        "final_transformation": [
            -0.7269155979156494,
            -0.6854603886604309,
            -0.041751425713300705,
            -5.1805901527404785,
            0.6862751841545105,
            -0.7228677868843079,
            -0.08059679716825485,
            195.4960479736328,
            0.025064917281270027,
            -0.08724035322666168,
            0.9958738684654236,
            7.385549545288086,
            0.0,
            0.0,
            0.0,
            1.0
        ],
        "fitness_score": 1.2776074823149908
    },
    "1720485070.000060": {
        "final_transformation": [
            -0.75638347864151,
            -0.6528496146202087,
            -0.040959566831588745,
            -5.812839984893799,
            0.6537308096885681,
            -0.752230703830719,
            -0.08241323381662369,
            194.3306427001953,
            0.022992132231593132,
            -0.0891127735376358,
            0.9957594275474548,
            7.2981767654418945,
            0.0,
            0.0,
            0.0,
            1.0
        ],
        "fitness_score": 1.212251434948739
    },
    "1720485070.299702": {
        "final_transformation": [
            -0.7857325673103333,
            -0.6173847317695618,
            -0.03821386396884918,
            -6.272616863250732,
            0.6180881261825562,
            -0.7811928987503052,
            -0.08779937773942947,
            193.48390197753906,
            0.024353470653295517,
            -0.09260689467191696,
            0.9954068660736084,
            7.24407958984375,
            0.0,
            0.0,
            0.0,
            1.0
        ],
        "fitness_score": 1.1281161575089316
    },
    "1720485070.600104": {
        "final_transformation": [
            -0.8148204684257507,
            -0.578518807888031,
            -0.03719228506088257,
            -6.727344512939453,
            0.5793809294700623,
            -0.8104947805404663,
            -0.08613003045320511,
            192.61929321289063,
            0.019683588296175003,
            -0.09172964841127396,
            0.9955911040306091,
            7.187954425811768,
            0.0,
            0.0,
            0.0,
            1.0
        ],
        "fitness_score": 1.0514709200150867
    },
    "1720485070.899852": {
        "final_transformation": [
            -0.8405946493148804,
            -0.540377140045166,
            -0.037396226078271866,
            -7.198812484741211,
            0.541488528251648,
            -0.8365086317062378,
            -0.08395932614803314,
            191.86541748046875,
            0.014087208546698093,
            -0.09082556515932083,
            0.9957683682441711,
            7.138211727142334,
            0.0,
            0.0,
            0.0,
            1.0
        ],
        "fitness_score": 1.0406920423823247
    },
    "1720485071.200053": {
        "final_transformation": [
            -0.8673747777938843,
            -0.4960606098175049,
            -0.039784278720617294,
            -7.828235626220703,
            0.497597873210907,
            -0.8632791638374329,
            -0.08453288674354553,
            191.27316284179688,
            0.007588349282741547,
            -0.0931188091635704,
            0.9956278204917908,
            7.076418876647949,
            0.0,
            0.0,
            0.0,
            1.0
        ],
        "fitness_score": 1.067141771628671
    },
    "1720485071.499958": {
        "final_transformation": [
            -0.8910690546035767,
            -0.4523347318172455,
            -0.0373164638876915,
            -8.253140449523926,
            0.45382198691368103,
            -0.8867318034172058,
            -0.08808740973472595,
            190.33404541015625,
            0.006755082868039608,
            -0.09542717784643173,
            0.9954140782356262,
            7.025716781616211,
            0.0,
            0.0,
            0.0,
            1.0
        ],
        "fitness_score": 0.9851858842853629
    },
    "1720485071.800044": {
        "final_transformation": [
            -0.911426305770874,
            -0.4099951684474945,
            -0.03480137139558792,
            -8.612120628356934,
            0.4114322364330292,
            -0.9068971276283264,
            -0.09093955159187317,
            189.57421875,
            0.005723356269299984,
            -0.0972033217549324,
            0.9952517151832581,
            6.986480712890625,
            0.0,
            0.0,
            0.0,
            1.0
        ],
        "fitness_score": 0.9431095427445841
    },
    "1720485072.100036": {
        "final_transformation": [
            -0.9287616610527039,
            -0.3689271807670593,
            -0.03597954288125038,
            -8.843865394592285,
            0.37067991495132446,
            -0.9243940711021423,
            -0.08997160196304321,
            188.8924102783203,
            -6.644249515375122e-05,
            -0.09689943492412567,
            0.9952951073646545,
            6.935239791870117,
            0.0,
            0.0,
            0.0,
            1.0
        ],
        "fitness_score": 0.9168617284912112
    },
    "1720485072.400002": {
        "final_transformation": [
            -0.9450636506080627,
            -0.3250652253627777,
            -0.03447963669896126,
            -9.098254203796387,
            0.326865017414093,
            -0.9410695433616638,
            -0.08689111471176147,
            188.3444366455078,
            -0.004202699288725853,
            -0.09338819235563278,
            0.9956235885620117,
            6.9048895835876465,
            0.0,
            0.0,
            0.0,
            1.0
        ],
        "fitness_score": 0.8780378145942473
    },
    "1720485072.700072": {
        "final_transformation": [
            -0.9585519433021545,
            -0.2832406461238861,
            -0.030875172466039658,
            -9.155844688415527,
            0.28489238023757935,
            -0.954353392124176,
            -0.08971642702817917,
            187.8197021484375,
            -0.004054640885442495,
            -0.09479432553052902,
            0.9954900145530701,
            6.865333080291748,
            0.0,
            0.0,
            0.0,
            1.0
        ],
        "fitness_score": 0.8494929401434984
    },
    "1720485073.000056": {
        "final_transformation": [
            -0.9699673652648926,
            -0.24123138189315796,
            -0.031215688213706017,
            -9.315725326538086,
            0.24309532344341278,
            -0.9658538103103638,
            -0.08964085578918457,
            187.24794006347656,
            -0.008525757119059563,
            -0.09453725814819336,
            0.9954858422279358,
            6.820647239685059,
            0.0,
            0.0,
            0.0,
            1.0
        ],
        "fitness_score": 0.834009501383923
    },
    "1720485073.300012": {
        "final_transformation": [
            -0.9788966774940491,
            -0.20176340639591217,
            -0.032512422651052475,
            -9.369888305664063,
            0.20392821729183197,
            -0.974793016910553,
            -0.09051518142223358,
            186.72499084472656,
            -0.013430396094918251,
            -0.09523548930883408,
            0.9953650236129761,
            6.785948753356934,
            0.0,
            0.0,
            0.0,
            1.0
        ],
        "fitness_score": 0.8095666589555014
    },
    "1720485073.598183": {
        "final_transformation": [
            -0.9854934811592102,
            -0.16708150506019592,
            -0.029835278168320656,
            -9.454801559448242,
            0.16916444897651672,
            -0.9812341332435608,
            -0.0925600677728653,
            186.07093811035156,
            -0.013810448348522186,
            -0.09626458585262299,
            0.9952628016471863,
            6.740944862365723,
            0.0,
            0.0,
            0.0,
            1.0
        ],
        "fitness_score": 0.7696040195322879
    },
    "1720485073.900120": {
        "final_transformation": [
            -0.9901878833770752,
            -0.13738326728343964,
            -0.025650836527347565,
            -9.695219039916992,
            0.13919681310653687,
            -0.9859004020690918,
            -0.09288743883371353,
            185.5865020751953,
            -0.012528172694146633,
            -0.09554682672023773,
            0.9953470826148987,
            6.7119011878967285,
            0.0,
            0.0,
            0.0,
            1.0
        ],
        "fitness_score": 0.786379359566652
    },
    "1720485074.200094": {
        "final_transformation": [
            -0.9932652115821838,
            -0.1132960245013237,
            -0.02432444877922535,
            -9.95824909210205,
            0.11506886780261993,
            -0.9891390204429626,
            -0.09145639836788177,
            185.1179656982422,
            -0.013698813505470753,
            -0.09363984316587448,
            0.9955146908760071,
            6.671242713928223,
            0.0,
            0.0,
            0.0,
            1.0
        ],
        "fitness_score": 0.8703006120065193
    },
    "1720485074.500207": {
        "final_transformation": [
            -0.9950547218322754,
            -0.09516356885433197,
            -0.028555409982800484,
            -10.039039611816406,
            0.09734976291656494,
            -0.991306483745575,
            -0.0885218158364296,
            184.31637573242188,
            -0.019883204251527786,
            -0.09086402505636215,
            0.9956653714179993,
            6.627938270568848,
            0.0,
            0.0,
            0.0,
            1.0
        ],
        "fitness_score": 0.8648675241131405
    },
    "1720485074.800217": {
        "final_transformation": [
            -0.996330738067627,
            -0.08156991004943848,
            -0.02595001459121704,
            -10.15035629272461,
            0.08353359997272491,
            -0.9927353858947754,
            -0.08660503476858139,
            183.42379760742188,
            -0.018697328865528107,
            -0.08845531940460205,
            0.9959059357643127,
            6.569640159606934,
            0.0,
            0.0,
            0.0,
            1.0
        ],
        "fitness_score": 0.7664289153481985
    },
    "1720485075.100212": {
        "final_transformation": [
            -0.9970905184745789,
            -0.07002667337656021,
            -0.030135035514831543,
            -10.3676176071167,
            0.07232851535081863,
            -0.9938734173774719,
            -0.08358849585056305,
            182.66574096679688,
            -0.024097222834825516,
            -0.08552528917789459,
            0.9960460066795349,
            6.517251968383789,
            0.0,
            0.0,
            0.0,
            1.0
        ],
        "fitness_score": 0.7543738751902164
    },
    "1720485075.400287": {
        "final_transformation": [
            -0.9978861808776855,
            -0.05788542702794075,
            -0.029569383710622787,
            -10.664698600769043,
            0.06017018109560013,
            -0.9947128295898438,
            -0.08324430882930756,
            181.81890869140625,
            -0.024594655260443687,
            -0.08484780788421631,
            0.9960941672325134,
            6.447111129760742,
            0.0,
            0.0,
            0.0,
            1.0
        ],
        "fitness_score": 0.7664252698200543
    },
    "1720485075.698168": {
        "final_transformation": [
            -0.9985177516937256,
            -0.04579974710941315,
            -0.029477126896381378,
            -10.83130931854248,
            0.04811709374189377,
            -0.9953629970550537,
            -0.08330552279949188,
            180.73983764648438,
            -0.025525283068418503,
            -0.08460050821304321,
            0.9960892796516418,
            6.382630825042725,
            0.0,
            0.0,
            0.0,
            1.0
        ],
        "fitness_score": 0.7753343719569832
    },
    "1720485075.999994": {
        "final_transformation": [
            -0.9989138841629028,
            -0.03417853266000748,
            -0.031688615679740906,
            -10.927705764770508,
            0.036697257310152054,
            -0.9959092140197754,
            -0.08257116377353668,
            179.65476989746094,
            -0.028737042099237442,
            -0.08364458382129669,
            0.9960819482803345,
            6.308359146118164,
            0.0,
            0.0,
            0.0,
            1.0
        ],
        "fitness_score": 0.7910127899809726
    },
    "1720485076.300039": {
        "final_transformation": [
            -0.9992809295654297,
            -0.022465158253908157,
            -0.030599942430853844,
            -11.08432388305664,
            0.024889204651117325,
            -0.9963885545730591,
            -0.08119340986013412,
            178.46620178222656,
            -0.028665492311120033,
            -0.08189671486616135,
            0.9962265491485596,
            6.236079216003418,
            0.0,
            0.0,
            0.0,
            1.0
        ],
        "fitness_score": 0.8036626124442736
    },
    "1720485076.600049": {
        "final_transformation": [
            -0.9994197487831116,
            -0.013612128794193268,
            -0.03126683458685875,
            -11.139009475708008,
            0.016209211200475693,
            -0.9963063597679138,
            -0.08433663100004196,
            176.9909210205078,
            -0.03000349923968315,
            -0.08479466289281845,
            0.9959458112716675,
            6.130717754364014,
            0.0,
            0.0,
            0.0,
            1.0
        ],
        "fitness_score": 0.7589850068565763
    },
    "1720485076.900012": {
        "final_transformation": [
            -0.9994926452636719,
            -0.005689803510904312,
            -0.031391892582178116,
            -11.09103012084961,
            0.008369887247681618,
            -0.9962732195854187,
            -0.08585494011640549,
            175.4145965576172,
            -0.030786560848355293,
            -0.08607422560453415,
            0.9958140850067139,
            6.038903713226318,
            0.0,
            0.0,
            0.0,
            1.0
        ],
        "fitness_score": 0.7472812921052229
    },
    "1720485077.200112": {
        "final_transformation": [
            -0.9995443820953369,
            -0.0006912446115165949,
            -0.030171887949109077,
            -11.043910026550293,
            0.0032388826366513968,
            -0.9964306950569153,
            -0.0843505933880806,
            173.4814910888672,
            -0.030006043612957,
            -0.08441013097763062,
            0.9959806203842163,
            5.951210975646973,
            0.0,
            0.0,
            0.0,
            1.0
        ],
        "fitness_score": 0.7139152203406439
    },
    "1720485077.500086": {
        "final_transformation": [
            -0.9996199011802673,
            0.004779087845236063,
            -0.02720189280807972,
            -11.194839477539063,
            -0.0025061327032744884,
            -0.9965560436248779,
            -0.08288373798131943,
            171.70834350585938,
            -0.02750452235341072,
            -0.08278422802686691,
            0.996187150478363,
            5.833972454071045,
            0.0,
            0.0,
            0.0,
            1.0
        ],
        "fitness_score": 0.7223918367348643
    },
    "1720485077.800086": {
        "final_transformation": [
            -0.999549925327301,
            0.01044385228306055,
            -0.0280961561948061,
            -11.328569412231445,
            -0.008048138581216335,
            -0.9964306950569153,
            -0.08401650190353394,
            169.9529571533203,
            -0.028873557224869728,
            -0.08375299721956253,
            0.99606853723526,
            5.6958842277526855,
            0.0,
            0.0,
            0.0,
            1.0
        ],
        "fitness_score": 0.7436988916762423
    },
    "1720485078.100053": {
        "final_transformation": [
            -0.9995452165603638,
            0.017072664573788643,
            -0.02485971711575985,
            -11.632918357849121,
            -0.014921159483492374,
            -0.996336042881012,
            -0.08422486484050751,
            168.05975341796875,
            -0.02620679885149002,
            -0.08381585776805878,
            0.9961375594139099,
            5.56974983215332,
            0.0,
            0.0,
            0.0,
            1.0
        ],
        "fitness_score": 0.7442724536542938
    },
    "1720485078.400031": {
        "final_transformation": [
            -0.9994625449180603,
            0.019542893394827843,
            -0.026344619691371918,
            -11.752201080322266,
            -0.017237991094589233,
            -0.996235728263855,
            -0.084967702627182,
            166.1519012451172,
            -0.027906157076358795,
            -0.08446820080280304,
            0.9960371255874634,
            5.432709693908691,
            0.0,
            0.0,
            0.0,
            1.0
        ],
        "fitness_score": 0.7553678671709668
    },
    "1720485078.700004": {
        "final_transformation": [
            -0.9995740652084351,
            0.01907787099480629,
            -0.022067537531256676,
            -11.944729804992676,
            -0.01717444695532322,
            -0.9963783621788025,
            -0.08330094814300537,
            164.01292419433594,
            -0.02357695810496807,
            -0.08288674801588058,
            0.9962809085845947,
            5.280977725982666,
            0.0,
            0.0,
            0.0,
            1.0
        ],
        "fitness_score": 0.7690255680295838
    },
    "1720485079.000081": {
        "final_transformation": [
            -0.9995834231376648,
            0.018770508468151093,
            -0.021996721625328064,
            -12.098710060119629,
            -0.01678980141878128,
            -0.9960735440254211,
            -0.0869252011179924,
            161.8519744873047,
            -0.023542111739516258,
            -0.08651991933584213,
            0.9959738254547119,
            5.093667507171631,
            0.0,
            0.0,
            0.0,
            1.0
        ],
        "fitness_score": 0.7840798710476581
    },
    "1720485079.300084": {
        "final_transformation": [
            -0.9995992183685303,
            0.01891581155359745,
            -0.021170929074287415,
            -12.398049354553223,
            -0.01701984368264675,
            -0.9961188435554504,
            -0.08636799454689026,
            159.56991577148438,
            -0.022722620517015457,
            -0.08597317337989807,
            0.9960392117500305,
            4.979244709014893,
            0.0,
            0.0,
            0.0,
            1.0
        ],
        "fitness_score": 0.7781987940205457
    },
    "1720485079.600114": {
        "final_transformation": [
            -0.9995153546333313,
            0.02011031284928322,
            -0.023833652958273888,
            -12.594651222229004,
            -0.01813211478292942,
            -0.9965937733650208,
            -0.08044497668743134,
            156.81494140625,
            -0.025370435789227486,
            -0.07997406274080276,
            0.9964748024940491,
            4.856667518615723,
            0.0,
            0.0,
            0.0,
            1.0
        ],
        "fitness_score": 0.6801109802080237
    },
    "1720485079.899174": {
        "final_transformation": [
            -0.9995808005332947,
            0.02074172906577587,
            -0.020319294184446335,
            -12.803627014160156,
            -0.019028272479772568,
            -0.9965230822563171,
            -0.08112187683582306,
            154.1552734375,
            -0.02193143405020237,
            -0.08070135861635208,
            0.9964970350265503,
            4.748295307159424,
            0.0,
            0.0,
            0.0,
            1.0
        ],
        "fitness_score": 0.6061008301612946
    },
    "1720485080.200087": {
        "final_transformation": [
            -0.9995782971382141,
            0.019301436841487885,
            -0.021743737161159515,
            -12.817543983459473,
            -0.0174839049577713,
            -0.9965736269950867,
            -0.08082550019025803,
            151.81251525878906,
            -0.023229461163282394,
            -0.08041155338287354,
            0.9964909553527832,
            4.712788105010986,
            0.0,
            0.0,
            0.0,
            1.0
        ],
        "fitness_score": 0.5559139473352779
    },
    "1720485080.500144": {
        "final_transformation": [
            -0.9995989799499512,
            0.01967993564903736,
            -0.02043795958161354,
            -12.900940895080566,
            -0.01801627315580845,
