{
    "1720702787.700068": {
        "final_transformation": [
            0.9998279213905334,
            -0.004297488834708929,
            -0.01817672699689865,
            -5.106241703033447,
            0.0041885981336236,
            0.9999752640724182,
            -0.005870421417057514,
            9.008156776428223,
            0.018201345577836037,
            0.00579276354983449,
            0.9998196363449097,
            -0.0207730270922184,
            0.0,
            0.0,
            0.0,
            1.0
        ],
        "fitness_score": 0.19995651264341877
    },
    "1720702788.300188": {
        "final_transformation": [
            0.9998985528945923,
            0.0025417888537049294,
            -0.014147003181278706,
            -4.514251232147217,
            -0.002574140904471278,
            0.9999943971633911,
            -0.002029386581853032,
            15.40778636932373,
            0.014141657389700413,
            0.0020650960505008698,
            0.9998987913131714,
            0.19971150159835815,
            0.0,
            0.0,
            0.0,
            1.0
        ],
        "fitness_score": 0.1925245342770751
    },
    "1720702788.600214": {
        "final_transformation": [
            0.9998657703399658,
            0.010983658954501152,
            -0.012298457324504852,
            -4.207156658172607,
            -0.01101095974445343,
            0.9999372959136963,
            -0.0019019442843273282,
            19.270824432373047,
            0.012276694178581238,
            0.0020366201642900705,
            0.9999247789382935,
            0.3430579900741577,
            0.0,
            0.0,
            0.0,
            1.0
        ],
        "fitness_score": 0.16390616549916298
    },
    "1720702788.900166": {
        "final_transformation": [
            0.9997769594192505,
            0.01605255715548992,
            -0.01388151478022337,
            -3.8682098388671875,
            -0.01601012982428074,
            0.9998674988746643,
            0.0033755465410649776,
            22.51348114013672,
            0.013933761976659298,
            -0.003153023775666952,
            0.999900221824646,
            0.4170524775981903,
            0.0,
            0.0,
            0.0,
            1.0
        ],
        "fitness_score": 0.1445524947369792
    },
    "1720702789.200132": {
        "final_transformation": [
            0.9997711777687073,
            0.01569616235792637,
            -0.01470355223864317,
            -3.625948667526245,
            -0.015632199123501778,
            0.9998681545257568,
            0.004674527328461409,
            24.967016220092773,
            0.014774887822568417,
            -0.0044441442005336285,
            0.9998835921287537,
            0.49537479877471924,
            0.0,
            0.0,
            0.0,
            1.0
        ],
        "fitness_score": 0.13777625971276888
    },
    "1720702789.499883": {
        "final_transformation": [
            0.9998121857643127,
            0.014210104942321777,
            -0.013195899315178394,
            -3.2452080249786377,
            -0.014197842217981815,
            0.9998987317085266,
            0.0012200355995446444,
            27.96337127685547,
            0.01321183517575264,
            -0.0010329345241189003,
            0.9999140501022339,
            0.5877466201782227,
            0.0,
            0.0,
            0.0,
            1.0
        ],
        "fitness_score": 0.191249890731475
    },
    "1720702789.800187": {
        "final_transformation": [
            0.9997695684432983,
            0.016559431329369545,
            -0.013743038289248943,
            -2.9782936573028564,
            -0.01652778871357441,
            0.9998601078987122,
            0.002587944734841585,
            31.08310890197754,
            0.013783881440758705,
            -0.0023607199545949697,
            0.9999038577079773,
            0.7018463611602783,
            0.0,
            0.0,
            0.0,
            1.0
        ],
        "fitness_score": 0.1479619578514442
    },
    "1720702790.100224": {
        "final_transformation": [
            0.9998301267623901,
            0.014583507552742958,
            -0.011405632831156254,
            -2.7005934715270996,
            -0.014596397988498211,
            0.9998945593833923,
            -0.0008487043087370694,
            34.072669982910156,
            0.011391965672373772,
            0.0010145424166694283,
            0.9999371767044067,
            0.8025274276733398,
            0.0,
            0.0,
            0.0,
            1.0
        ],
        "fitness_score": 0.13389366130413788
    },
    "1720702790.400195": {
        "final_transformation": [
            0.9998415112495422,
            0.01365619245916605,
            -0.011526549234986305,
            -2.434570789337158,
            -0.013680794276297092,
            0.9999046325683594,
            -0.0018652344588190317,
            36.99654769897461,
            0.011499856598675251,
            0.002022105036303401,
            0.999932587146759,
            0.922553539276123,
            0.0,
            0.0,
            0.0,
            1.0
        ],
        "fitness_score": 0.14350847308868636
    },
    "1720702790.700140": {
        "final_transformation": [
            0.9998889565467834,
            0.010694684460759163,
            -0.010474382899701595,
            -2.159492015838623,
            -0.01070261187851429,
            0.9999426007270813,
            -0.0005280935438349843,
            40.48761749267578,
            0.010468047112226486,
            0.0006396346725523472,
            0.9999469518661499,
            1.0659531354904175,
            0.0,
            0.0,
            0.0,
            1.0
        ],
        "fitness_score": 0.1398905656184843
    },
    "1720702791.000105": {
        "final_transformation": [
            0.9999133944511414,
            0.010921590030193329,
            -0.007431928999722004,
            -1.9088921546936035,
            -0.01092585176229477,
            0.9999392032623291,
            -0.0003937433357350528,
            42.93104553222656,
            0.007427103351801634,
            0.00047440253547392786,
            0.9999726414680481,
            1.141141414642334,
            0.0,
            0.0,
            0.0,
            1.0
        ],
        "fitness_score": 0.14058407161498263
    },
    "1720702791.300159": {
        "final_transformation": [
            0.99991375207901,
            0.011025460436940193,
            -0.007271229289472103,
            -1.5967943668365479,
            -0.01100380439311266,
            0.9999346733093262,
            0.003243043553084135,
            46.427268981933594,
            0.007306454237550497,
            -0.0031632445752620697,
            0.9999696016311646,
            1.2723524570465088,
            0.0,
            0.0,
            0.0,
            1.0
        ],
        "fitness_score": 0.12276324207221656
    },
    "1720702791.599809": {
        "final_transformation": [
            0.9999244809150696,
            0.010535226203501225,
            -0.006701895967125893,
            -1.3882650136947632,
            -0.010518031194806099,
            0.9999425411224365,
            0.0028139075729995966,
            48.9090576171875,
            0.006731082685291767,
            -0.0027436669915914536,
            0.9999750852584839,
            1.3552371263504028,
            0.0,
            0.0,
            0.0,
            1.0
        ],
        "fitness_score": 0.11476229056134715
    },
    "1720702791.900105": {
        "final_transformation": [
            0.9999352693557739,
            0.010161790996789932,
            -0.005224743392318487,
            -1.144530177116394,
            -0.010144473053514957,
            0.9999421834945679,
            0.0036418798845261335,
            51.807289123535156,
            0.005261391866952181,
            -0.0035890822764486074,
            0.9999798536300659,
            1.4728355407714844,
            0.0,
            0.0,
            0.0,
            1.0
        ],
        "fitness_score": 0.1108482390304973
    },
    "1720702792.199763": {
        "final_transformation": [
            0.9999306201934814,
            0.01011707540601492,
            -0.006245624274015427,
            -0.896306037902832,
            -0.010091805830597878,
            0.9999406933784485,
            0.00443015294149518,
            54.657283782958984,
            0.006290001794695854,
            -0.004367305431514978,
            0.999971866607666,
            1.5869368314743042,
            0.0,
            0.0,
            0.0,
            1.0
        ],
        "fitness_score": 0.10706825014289183
    },
    "1720702792.500065": {
        "final_transformation": [
            0.9998670220375061,
            0.009236420504748821,
            -0.013615337200462818,
            -0.6987038254737854,
            -0.00929854903370142,
            0.9999476671218872,
            -0.004375067073851824,
            57.414920806884766,
            0.013574081473052502,
            0.004500537179410458,
            0.9998994469642639,
            1.7008658647537231,
            0.0,
            0.0,
            0.0,
            1.0
        ],
        "fitness_score": 0.10322691965167675
    },
    "1720702792.799817": {
        "final_transformation": [
            0.999862790107727,
            0.00970553234219551,
            -0.013530319556593895,
            -0.42668265104293823,
            -0.00975462980568409,
            0.9999492764472961,
            -0.003365123411640525,
            59.80331039428711,
            0.01349683478474617,
            0.0034961197525262833,
            0.9999035596847534,
            1.7858716249465942,
            0.0,
            0.0,
            0.0,
            1.0
        ],
        "fitness_score": 0.14166209397431453
    },
    "1720702793.100104": {
        "final_transformation": [
            0.9999549388885498,
            0.006861700210720301,
            -0.006760857533663511,
            -0.2068602442741394,
            -0.006859617307782173,
            0.9999774694442749,
            0.0005608978681266308,
            62.9300651550293,
            0.00676446408033371,
            -0.000515007646754384,
            0.9999796152114868,
            1.9093214273452759,
            0.0,
            0.0,
            0.0,
            1.0
        ],
        "fitness_score": 0.10916354542301636
    },
    "1720702793.399809": {
        "final_transformation": [
            0.9999839067459106,
            0.004157867282629013,
            -0.004262256436049938,
            0.06817793101072311,
            -0.0041571371257305145,
            0.9999926686286926,
            0.0007418844616040587,
            65.33741760253906,
            0.004265210125595331,
            -0.0007245935266837478,
            0.9999916553497314,
            2.002652168273926,
            0.0,
            0.0,
            0.0,
            1.0
        ],
        "fitness_score": 0.1510467536414629
    },
    "1720702794.000093": {
        "final_transformation": [
            0.9999859929084778,
            0.0025200839154422283,
            -0.004786571953445673,
            0.47910547256469727,
            -0.002507715718820691,
            0.9999916553497314,
            0.0029392587020993233,
            70.8405532836914,
            0.004793853033334017,
            -0.0029276791028678417,
            0.9999849796295166,
            2.2130088806152344,
            0.0,
            0.0,
            0.0,
            1.0
        ],
        "fitness_score": 0.10373627167728748
    },
    "1720702794.300159": {
        "final_transformation": [
            0.99998539686203,
            0.001370894256979227,
            -0.005360773298889399,
            0.700778067111969,
            -0.0013562949607148767,
            0.9999945163726807,
            0.003102271817624569,
            73.44450378417969,
            0.005364944227039814,
            -0.003095495980232954,
            0.9999826550483704,
            2.2980191707611084,
            0.0,
            0.0,
            0.0,
            1.0
        ],
        "fitness_score": 0.11032165863192248
    },
    "1720702794.600188": {
        "final_transformation": [
            0.9999812841415405,
            0.002447525504976511,
            -0.005939576309174299,
            0.931627631187439,
            -0.0024317072238773108,
            0.9999936819076538,
            0.003006677608937025,
            76.43485260009766,
            0.005946805700659752,
            -0.0029926160350441933,
            0.9999804496765137,
            2.421166181564331,
            0.0,
            0.0,
            0.0,
            1.0
        ],
        "fitness_score": 0.10339969952590075
    },
    "1720702794.898858": {
        "final_transformation": [
            0.9999764561653137,
            0.0007568852743133903,
            -0.007146872114390135,
            1.1043781042099,
            -0.0007557875360362232,
            1.000002145767212,
            0.00045342251542024314,
            78.44552612304688,
            0.007147117052227259,
            -0.00044848868856206536,
            0.9999761581420898,
            2.493601083755493,
            0.0,
            0.0,
            0.0,
            1.0
        ],
        "fitness_score": 0.11688956605518618
    },
    "1720702795.200149": {
        "final_transformation": [
            0.9999741315841675,
            0.0009101423202082515,
            -0.007384919095784426,
            1.309746265411377,
            -0.0009157849126495421,
            1.0000007152557373,
            -0.00046282942639663815,
            80.91353607177734,
            0.0073844208382070065,
            0.00046914181439206004,
            0.9999739527702332,
            2.5815274715423584,
            0.0,
            0.0,
            0.0,
            1.0
        ],
        "fitness_score": 0.12232344397702868
    },
    "1720702795.500165": {
        "final_transformation": [
            0.9999610185623169,
            0.005199510138481855,
            -0.007350101135671139,
            1.5497686862945557,
            -0.005190825555473566,
            0.9999854564666748,
            0.0015173022402450442,
            83.8564453125,
            0.007357819937169552,
            -0.001479596714489162,
            0.9999740123748779,
            2.7125494480133057,
            0.0,
            0.0,
            0.0,
            1.0
        ],
        "fitness_score": 0.10784078367491115
    },
    "1720702795.800001": {
        "final_transformation": [
            0.9999509453773499,
            0.0054633235558867455,
            -0.008414308540523052,
            1.7209827899932861,
            -0.005467307288199663,
            0.9999852776527405,
            -0.00011912815534742549,
            85.77083587646484,
            0.008413469418883324,
            0.00016465154476463795,
            0.9999675154685974,
            2.780303716659546,
            0.0,
            0.0,
            0.0,
            1.0
        ],
        "fitness_score": 0.12088863301165476
    },
    "1720702796.099946": {
        "final_transformation": [
            0.9999394416809082,
            0.008577832952141762,
            -0.007050283253192902,
            1.9482781887054443,
            -0.008594962768256664,
            0.999962329864502,
            -0.002102710073813796,
            88.12985229492188,
            0.007031901739537716,
            0.0021626781672239304,
            0.999976396560669,
            2.8848745822906494,
            0.0,
            0.0,
            0.0,
            1.0
        ],
        "fitness_score": 0.12294775576699417
    },
    "1720702796.400120": {
        "final_transformation": [
            0.9999193549156189,
            0.010829983279109001,
            -0.006951847113668919,
            2.159599781036377,
            -0.010854283347725868,
            0.9999372959136963,
            -0.003112911246716976,
            90.5023422241211,
            0.006917599122971296,
            0.003187632653862238,
            0.9999738931655884,
            2.973980188369751,
            0.0,
            0.0,
            0.0,
            1.0
        ],
        "fitness_score": 0.11973402703256134
    },
    "1720702796.700140": {
        "final_transformation": [
            0.9999344348907471,
            0.010366199538111687,
            -0.005000164266675711,
            2.351494073867798,
            -0.010380406863987446,
            0.9999444484710693,
            -0.002257975284010172,
            92.80834197998047,
            0.0049763829447329044,
            0.002309179864823818,
            0.9999875426292419,
            3.077759265899658,
            0.0,
            0.0,
            0.0,
            1.0
        ],
        "fitness_score": 0.11755409590362541
    },
    "1720702797.000144": {
        "final_transformation": [
            0.9999232888221741,
            0.010527077130973339,
            -0.006394251715391874,
            2.5868611335754395,
            -0.01052914559841156,
            0.9999436140060425,
            5.655958375427872e-05,
            95.11659240722656,
            0.006394430063664913,
            1.019587944028899e-05,
            0.9999808073043823,
            3.1652674674987793,
            0.0,
            0.0,
            0.0,
            1.0
        ],
        "fitness_score": 0.12122376393555384
    },
    "1720702797.299032": {
        "final_transformation": [
            0.9999197721481323,
            0.010407952591776848,
            -0.007441860623657703,
            2.818781614303589,
            -0.010415850207209587,
            0.9999465942382813,
            -0.0005992016522213817,
            97.63436889648438,
            0.007435128092765808,
            0.000676108174957335,
            0.9999746680259705,
            3.2527377605438232,
            0.0,
            0.0,
            0.0,
            1.0
        ],
        "fitness_score": 0.17979787223200566
    },
    "1720702797.600058": {
        "final_transformation": [
            0.999950647354126,
            0.007916863076388836,
            -0.0062398952431976795,
            3.0165295600891113,
            -0.007917508482933044,
            0.9999690651893616,
            0.00044027745025232434,
            99.8488540649414,
            0.006243113894015551,
            -0.00039136153645813465,
            0.9999836683273315,
            3.3323116302490234,
            0.0,
            0.0,
            0.0,
            1.0
        ],
        "fitness_score": 0.17787241111377325
    },
    "1720702797.900073": {
        "final_transformation": [
            0.9999721050262451,
            0.006302590481936932,
            -0.004228091798722744,
            3.1924376487731934,
            -0.006298952270299196,
            0.9999800324440002,
            0.001539323478937149,
            102.09786224365234,
            0.004237656947225332,
            -0.001513149356469512,
            0.9999926090240479,
            3.435030460357666,
            0.0,
            0.0,
            0.0,
            1.0
        ],
        "fitness_score": 0.13703597096495032
    },
    "1720702798.200151": {
        "final_transformation": [
            0.9999784827232361,
            0.004928477108478546,
            -0.004434933420270681,
            3.3932528495788574,
            -0.004936007782816887,
            0.9999871253967285,
            -0.0011452625039964914,
            104.27766418457031,
            0.004429162014275789,
            0.0011665752390399575,
            0.9999921321868896,
            3.5200724601745605,
            0.0,
            0.0,
            0.0,
            1.0
        ],
        "fitness_score": 0.13518134423197234
    },
    "1720702798.500149": {
        "final_transformation": [
            0.9999945759773254,
            -0.00026936765061691403,
            -0.003717114683240652,
            3.5824294090270996,
            0.00026276902644895017,
            1.0000003576278687,
            -0.000876439327839762,
            106.5105209350586,
            0.0037173002492636442,
            0.0008749802364036441,
            0.9999951720237732,
            3.6085500717163086,
            0.0,
            0.0,
            0.0,
            1.0
        ],
        "fitness_score": 0.14432448657876923
    },
    "1720702798.800184": {
        "final_transformation": [
            0.9999669194221497,
            -0.005921372212469578,
            -0.005994123872369528,
            3.7090253829956055,
            0.005908819381147623,
            0.9999833106994629,
            -0.001531141228042543,
            108.55670166015625,
            0.006003004033118486,
            0.0014951872872188687,
            0.9999838471412659,
            3.6810319423675537,
            0.0,
            0.0,
            0.0,
            1.0
        ],
        "fitness_score": 0.19132646864499397
    },
    "1720702799.100065": {
        "final_transformation": [
            0.9999364614486694,
            -0.010478146374225616,
            -0.004489824641495943,
            3.853741407394409,
            0.010462095029652119,
            0.9999423623085022,
            -0.0029159383848309517,
            110.72110748291016,
            0.004520047921687365,
            0.002868279814720154,
            0.9999879598617554,
            3.7839443683624268,
            0.0,
            0.0,
            0.0,
            1.0
        ],
        "fitness_score": 0.1443393461537547
    },
    "1720702799.399768": {
        "final_transformation": [
            0.9998907446861267,
            -0.014177590608596802,
            -0.004545180592685938,
            4.017263412475586,
            0.01416083611547947,
            0.9998959898948669,
            -0.002856265287846327,
            112.76026916503906,
            0.004585125017911196,
            0.0027911020442843437,
            0.9999876022338867,
            3.875410556793213,
            0.0,
            0.0,
            0.0,
            1.0
        ],
        "fitness_score": 0.14058699041630002
    },
    "1720702799.700143": {
        "final_transformation": [
            0.9998618364334106,
            -0.0156897883862257,
            -0.005748787894845009,
            4.15716552734375,
            0.015675464645028114,
            0.9998756051063538,
            -0.0019120589131489396,
            114.82536315917969,
            0.005777990911155939,
            0.0018211625283583999,
            0.9999837875366211,
            3.9593050479888916,
            0.0,
            0.0,
            0.0,
            1.0
        ],
        "fitness_score": 0.14109488987572405
    },
    "1720702799.999803": {
        "final_transformation": [
            0.9998064637184143,
            -0.017926378175616264,
            -0.008268039673566818,
            4.271566390991211,
            0.017911914736032486,
            0.9998400211334229,
            -0.001563612255267799,
            116.7840347290039,
            0.008294682949781418,
            0.0014146394096314907,
            0.9999669194221497,
            4.042895317077637,
            0.0,
            0.0,
            0.0,
            1.0
        ],
        "fitness_score": 0.14243205051972255
    },
    "1720702800.300110": {
        "final_transformation": [
            0.9998278617858887,
            -0.017813000828027725,
            -0.005283308681100607,
            4.433769226074219,
            0.01781240850687027,
            0.9998413324356079,
            0.00028752561775036156,
            118.92867279052734,
            0.005277286749333143,
            -0.0003820976708084345,
            0.9999882578849792,
            4.123841762542725,
            0.0,
            0.0,
            0.0,
            1.0
        ],
        "fitness_score": 0.15683743305163236
    },
    "1720702800.600187": {
        "final_transformation": [
            0.999789834022522,
            -0.019340407103300095,
            -0.007099272683262825,
            4.506363868713379,
            0.019314657896757126,
            0.9998095631599426,
            -0.003289073007181287,
            120.98181915283203,
            0.0071614948101341724,
            0.0031508414540439844,
            0.999971330165863,
            4.2231340408325195,
            0.0,
            0.0,
            0.0,
            1.0
        ],
        "fitness_score": 0.13399753739901674
    },
    "1720702800.900099": {
        "final_transformation": [
            0.9998103976249695,
            -0.0184585340321064,
            -0.006546103861182928,
            4.620064735412598,
            0.01844562590122223,
            0.9998310208320618,
            -0.0016215461073443294,
            122.33688354492188,
            0.00657488452270627,
            0.00150007801130414,
            0.9999793767929077,
            4.275042533874512,
            0.0,
            0.0,
            0.0,
            1.0
        ],
        "fitness_score": 0.1560859295304402
    },
    "1720702801.499536": {
        "final_transformation": [
            0.9998168349266052,
            -0.015101145021617413,
            -0.0116945905610919,
            4.857431411743164,
            0.01510518230497837,
            0.9998829364776611,
            0.0005580181023105979,
            125.60963439941406,
            0.01168479397892952,
            -0.0007351374952122569,
            0.9999315738677979,
            4.423962593078613,
            0.0,
            0.0,
            0.0,
            1.0
        ],
        "fitness_score": 0.1687691873688598
    }
}