{
    "1720753202.599910": {
        "final_transformation": [
            0.9999020099639893,
            -0.010536134243011475,
            -0.009341604076325893,
            4.42532205581665,
            0.010526932775974274,
            0.9999456405639648,
            -0.0007313196547329426,
            120.02596282958984,
            0.009348710998892784,
            0.0006323000998236239,
            0.9999601244926453,
            3.936701774597168,
            0.0,
            0.0,
            0.0,
            1.0
        ],
        "fitness_score": 0.20190404182273575
    },
    "1720753203.200189": {
        "final_transformation": [
            0.9998944401741028,
            -0.012669662944972515,
            -0.007385960314422846,
            4.4927544593811035,
            0.01265394315123558,
            0.999920129776001,
            -0.0017550819320604205,
            121.47948455810547,
            0.007407470140606165,
            0.001660874579101801,
            0.9999746680259705,
            4.0244550704956055,
            0.0,
            0.0,
            0.0,
            1.0
        ],
        "fitness_score": 0.1887779954107113
    },
    "1720753203.500124": {
        "final_transformation": [
            0.9998898506164551,
            -0.011550084687769413,
            -0.00935677345842123,
            4.539573669433594,
            0.011535374447703362,
            0.9999326467514038,
            -0.0013448494719341397,
            121.92852020263672,
            0.00937160849571228,
            0.001236202660948038,
            0.9999571442604065,
            4.042853355407715,
            0.0,
            0.0,
            0.0,
            1.0
        ],
        "fitness_score": 0.19266685847502757
    },
    "1720753203.800198": {
        "final_transformation": [
            0.9998775124549866,
            -0.011924686841666698,
            -0.010228918865323067,
            4.593258380889893,
            0.011914357542991638,
            0.999930202960968,
            -0.0008110121707431972,
            122.5400390625,
            0.010237768292427063,
            0.0006884795730002224,
            0.9999501705169678,
            4.069114685058594,
            0.0,
            0.0,
            0.0,
            1.0
        ],
        "fitness_score": 0.19138815892512948
    },
    "1720753204.100153": {
        "final_transformation": [
            0.9998728632926941,
            -0.012038925662636757,
            -0.010655885562300682,
            4.614133834838867,
            0.012024562805891037,
            0.9999285936355591,
            -0.0012324049603193998,
            122.87364196777344,
            0.010669881477952003,
            0.0011035841889679432,
            0.9999459385871887,
            4.08327579498291,
            0.0,
            0.0,
            0.0,
            1.0
        ],
        "fitness_score": 0.19529050177116702
    },
    "1720753204.400182": {
        "final_transformation": [
            0.9998685121536255,
            -0.012454511597752571,
            -0.010577737353742123,
            4.65166711807251,
            0.01248748879879713,
            0.9999181628227234,
            0.003276750911027193,
            123.32952880859375,
            0.010535964742302895,
            -0.003408959601074457,
            0.9999420046806335,
            4.109299659729004,
            0.0,
            0.0,
            0.0,
            1.0
        ],
        "fitness_score": 0.1972313782916278
    },
    "1720753204.700068": {
        "final_transformation": [
            0.9998764395713806,
            -0.01190281379967928,
            -0.010263950563967228,
            4.670117378234863,
            0.011913015507161617,
            0.9999281167984009,
            0.001169443828985095,
            123.57493591308594,
            0.010249227285385132,
            -0.0012921716552227736,
            0.9999496936798096,
            4.114595413208008,
            0.0,
            0.0,
            0.0,
            1.0
        ],
        "fitness_score": 0.2038477420417387
    },
    "1720753205.000040": {
        "final_transformation": [
            0.9998763799667358,
            -0.012252268381416798,
            -0.009975499473512173,
            4.67581033706665,
            0.01227269135415554,
            0.9999229907989502,
            0.0022297827526926994,
            123.71692657470703,
            0.009947331622242928,
            -0.002352524781599641,
            0.9999520778656006,
            4.1198225021362305,
            0.0,
            0.0,
            0.0,
            1.0
        ],
        "fitness_score": 0.19853756412265652
    },
    "1720753205.300065": {
        "final_transformation": [
            0.9998757243156433,
            -0.012092458084225655,
            -0.010364091955125332,
            4.688145637512207,
            0.012093118391931057,
            0.9999294877052307,
            0.00018424392328597605,
            123.85984802246094,
            0.010361013934016228,
            -0.00031010317616164684,
            0.999950110912323,
            4.121601581573486,
            0.0,
            0.0,
            0.0,
            1.0
        ],
        "fitness_score": 0.20307192201179794
    },
    "1720753205.598834": {
        "final_transformation": [
            0.9998725056648254,
            -0.01248116698116064,
            -0.010174605995416641,
            4.698383331298828,
            0.012481349520385265,
            0.9999243021011353,
            0.00016607280122116208,
            123.97637176513672,
            0.010171639733016491,
            -0.0002936029923148453,
            0.9999522566795349,
            4.124066352844238,
            0.0,
            0.0,
            0.0,
            1.0
        ],
        "fitness_score": 0.2006666698699304
    },
    "1720753205.900133": {
        "final_transformation": [
            0.9998629093170166,
            -0.012505441904067993,
            -0.010992505587637424,
            4.702902793884277,
            0.012506134808063507,
            0.9999229907989502,
            0.00018107939104083925,
            124.12313842773438,
            0.010989266447722912,
            -0.00031910630059428513,
            0.999943733215332,
            4.126947402954102,
            0.0,
            0.0,
            0.0,
            1.0
        ],
        "fitness_score": 0.2025155514817369
    },
    "1720753206.197880": {
        "final_transformation": [
            0.9998622536659241,
            -0.012770785950124264,
            -0.010874343104660511,
            4.710142135620117,
            0.01277049258351326,
            0.9999210834503174,
            9.962263720808551e-05,
            124.2171859741211,
            0.010872083716094494,
            -0.00023903721012175083,
            0.9999444484710693,
            4.133089065551758,
            0.0,
            0.0,
            0.0,
            1.0
        ],
        "fitness_score": 0.2018152031138277
    },
    "1720753206.500121": {
        "final_transformation": [
            0.9998517036437988,
            -0.013331721536815166,
            -0.011128214187920094,
            4.7157511711120605,
            0.013336971402168274,
            0.999912679195404,
            0.0005136136314831674,
            124.331298828125,
            0.011120326817035675,
            -0.0006625434034503996,
            0.9999421834945679,
            4.1233110427856445,
            0.0,
            0.0,
            0.0,
            1.0
        ],
        "fitness_score": 0.2017455746638775
    },
    "1720753206.800166": {
        "final_transformation": [
            0.9998520016670227,
            -0.013183328323066235,
            -0.011216861195862293,
            4.720920085906982,
            0.013192163780331612,
            0.9999143481254578,
            0.0008858738001435995,
            124.49093627929688,
            0.011204126290977001,
            -0.00103432172909379,
            0.9999402165412903,
            4.128841400146484,
            0.0,
            0.0,
            0.0,
            1.0
        ],
        "fitness_score": 0.2063814969915901
    },
    "1720753207.096909": {
        "final_transformation": [
            0.9998429417610168,
            -0.013592698611319065,
            -0.011576494202017784,
            4.705043315887451,
            0.013600924052298069,
            0.9999093413352966,
            0.0008573464001528919,
            124.54801940917969,
            0.011563654989004135,
            -0.0010152272880077362,
            0.9999373555183411,
            4.132115364074707,
            0.0,
            0.0,
            0.0,
            1.0
        ],
        "fitness_score": 0.20512900190835287
    },
    "1720753207.400169": {
        "final_transformation": [
            0.999835193157196,
            -0.013856237754225731,
            -0.011850850656628609,
            4.703883647918701,
            0.01386286225169897,
            0.9999048709869385,
            0.0006362212006933987,
            124.6473617553711,
            0.011840789578855038,
            -0.0008009479497559369,
            0.999932050704956,
            4.133505821228027,
            0.0,
            0.0,
            0.0,
            1.0
        ],
        "fitness_score": 0.2062206311593014
    },
    "1720753207.700078": {
        "final_transformation": [
            0.9998420476913452,
            -0.013644509017467499,
            -0.011653287336230278,
            4.700615882873535,
            0.0136528629809618,
            0.9999099969863892,
            0.0007563952822238207,
            124.67113494873047,
            0.011641793884336948,
            -0.000915909418836236,
            0.9999356865882874,
            4.137073516845703,
            0.0,
            0.0,
            0.0,
            1.0
        ],
        "fitness_score": 0.2067530387497456
    },
    "1720753208.300092": {
        "final_transformation": [
            0.9998413324356079,
            -0.013157458044588566,
            -0.012055475264787674,
            4.728079319000244,
            0.013152815401554108,
            0.9999143481254578,
            -0.00024493157980032265,
            124.6510009765625,
            0.012057569809257984,
            8.579778659623116e-05,
            0.9999294877052307,
            4.13377571105957,
            0.0,
            0.0,
            0.0,
            1.0
        ],
        "fitness_score": 0.20597498406988
    },
    "1720753208.600214": {
        "final_transformation": [
            0.9998340606689453,
            -0.013545959256589413,
            -0.012352252379059792,
            4.717629909515381,
            0.013545825146138668,
            0.9999098181724548,
            3.345534059917554e-05,
            124.6632308959961,
            0.012350563891232014,
            -0.00020126489107497036,
            0.9999258518218994,
            4.1348371505737305,
            0.0,
            0.0,
            0.0,
            1.0
        ],
        "fitness_score": 0.20446655556424687
    },
    "1720753209.190213": {
        "final_transformation": [
            0.9998332858085632,
            -0.013763435184955597,
            -0.012088621035218239,
            4.705882549285889,
            0.013764936476945877,
            0.9999070167541504,
            0.00019100491772405803,
            124.67703247070313,
            0.012084773741662502,
            -0.00035794248105958104,
            0.999929666519165,
            4.136578559875488,
            0.0,
            0.0,
            0.0,
            1.0
        ],
        "fitness_score": 0.2065705814259244
    },
    "1720753209.500167": {
        "final_transformation": [
            0.9998328685760498,
            -0.013760956935584545,
            -0.012148994021117687,
            4.707610130310059,
            0.013764923438429832,
            0.9999064803123474,
            0.0004221224517095834,
            124.66329193115234,
            0.012141969986259937,
            -0.0005898572271689773,
            0.9999299049377441,
            4.139803886413574,
            0.0,
            0.0,
            0.0,
            1.0
        ],
        "fitness_score": 0.206438818638648
    },
    "1720753209.800169": {
        "final_transformation": [
            0.9998329877853394,
            -0.013585598208010197,
            -0.012305574491620064,
            4.7111406326293945,
            0.013586791232228279,
            0.9999094009399414,
            0.00024709157878533006,
            124.64105987548828,
            0.012301000766456127,
            -0.00041481302469037473,
            0.9999269843101501,
            4.138677597045898,
            0.0,
            0.0,
            0.0,
            1.0
        ],
        "fitness_score": 0.20523589498963637
    },
    "1720753210.100060": {
        "final_transformation": [
            0.9998376965522766,
            -0.013409353792667389,
            -0.012230153195559978,
            4.726696014404297,
            0.013408190570771694,
            0.9999120831489563,
            2.2306048776954412e-06,
            124.71835327148438,
            0.012228898704051971,
            -0.00016681368288118392,
            0.9999290704727173,
            4.141361713409424,
            0.0,
            0.0,
            0.0,
            1.0
        ],
        "fitness_score": 0.21065119546223512
    },
    "1720753210.400128": {
        "final_transformation": [
            0.999832808971405,
            -0.013659286312758923,
            -0.012293863110244274,
            4.730205059051514,
            0.013647513464093208,
            0.9999082088470459,
            -0.0007475081947632134,
            124.70262908935547,
            0.01230278518050909,
            0.0005790594732388854,
            0.9999265074729919,
            4.148862361907959,
            0.0,
            0.0,
            0.0,
            1.0
        ],
        "fitness_score": 0.21023424442526284
    },
    "1720753210.700207": {
        "final_transformation": [
            0.9998186230659485,
            -0.014088892377912998,
            -0.012828084640204906,
            4.726986885070801,
            0.01406804472208023,
            0.9999008774757385,
            -0.0014459306839853525,
            124.78826904296875,
            0.012847094796597958,
            0.0012646474642679095,
            0.9999176859855652,
            4.146368026733398,
            0.0,
            0.0,
            0.0,
            1.0
        ],
        "fitness_score": 0.21502971581598576
    },
    "1720753211.000113": {
        "final_transformation": [
            0.999824047088623,
            -0.013636428862810135,
            -0.013097671791911125,
            4.740039825439453,
            0.013616290874779224,
            0.9999088644981384,
            -0.001496727461926639,
            124.89607238769531,
            0.01311676949262619,
            0.0013175802305340767,
            0.9999159574508667,
            4.151297092437744,
            0.0,
            0.0,
            0.0,
            1.0
        ],
        "fitness_score": 0.21121236838762517
    },
    "1720753211.300140": {
        "final_transformation": [
            0.999826192855835,
            -0.013384425081312656,
            -0.013074390590190887,
            4.750400066375732,
            0.01336181815713644,
            0.9999105334281921,
            -0.001621966133825481,
            124.98316955566406,
            0.013094890862703323,
            0.0014464159030467272,
            0.9999152421951294,
            4.16368293762207,
            0.0,
            0.0,
            0.0,
            1.0
        ],
        "fitness_score": 0.20417872963697845
    },
    "1720753211.600168": {
        "final_transformation": [
            0.9998282790184021,
            -0.013115222565829754,
            -0.013154878281056881,
            4.746955871582031,
            0.013087430968880653,
            0.9999135136604309,
            -0.0019193787593394518,
            125.08941650390625,
            0.013178825378417969,
            0.0017462971154600382,
            0.9999131560325623,
            4.17405891418457,
            0.0,
            0.0,
            0.0,
            1.0
        ],
        "fitness_score": 0.20440716680975496
    },
    "1720753211.900077": {
        "final_transformation": [
            0.9998379945755005,
            -0.012780597433447838,
            -0.012841202318668365,
            4.751138687133789,
            0.012749339453876019,
            0.9999188780784607,
            -0.002282600849866867,
            125.19231414794922,
            0.012869229540228844,
            0.0021180249750614166,
            0.9999169111251831,
            4.183919906616211,
            0.0,
            0.0,
            0.0,
            1.0
        ],
        "fitness_score": 0.20156060497590528
    },
    "1720753212.500178": {
        "final_transformation": [
            0.9998505711555481,
            -0.012376799248158932,
            -0.012241111136972904,
            4.779034614562988,
            0.012345372699201107,
            0.9999223351478577,
            -0.0024955174885690212,
            125.75605773925781,
            0.012270975857973099,
            0.002343488158658147,
            0.999923825263977,
            4.213918685913086,
            0.0,
            0.0,
            0.0,
            1.0
        ],
        "fitness_score": 0.20058096658810604
    },
    "1720753212.800115": {
        "final_transformation": [
            0.999853789806366,
            -0.011927892453968525,
            -0.012376537546515465,
            4.810144901275635,
            0.011898469179868698,
            0.9999286532402039,
            -0.0021898564882576466,
            125.99140930175781,
            0.012401689775288105,
            0.0020416800398379564,
            0.9999242424964905,
            4.23172664642334,
            0.0,
            0.0,
            0.0,
            1.0
        ],
        "fitness_score": 0.20047023346778278
    },
    "1720753213.100130": {
        "final_transformation": [
            0.9998418688774109,
            -0.012187150306999683,
            -0.013058952055871487,
            4.7918314933776855,
            0.01216424535959959,
            0.9999256134033203,
            -0.001625188160687685,
            126.29737091064453,
            0.013077708892524242,
            0.0014655690174549818,
            0.9999148845672607,
            4.2596116065979,
            0.0,
            0.0,
            0.0,
            1.0
        ],
        "fitness_score": 0.19088391945351685
    },
    "1720753213.700170": {
        "final_transformation": [
            0.9998427033424377,
            -0.012299519032239914,
            -0.012887475080788136,
            4.828808307647705,
            0.012279202230274677,
            0.9999247789382935,
            -0.0013506566174328327,
            127.0845718383789,
            0.01290302723646164,
            0.0011917033698409796,
            0.9999163150787354,
            4.314581871032715,
            0.0,
            0.0,
            0.0,
            1.0
        ],
        "fitness_score": 0.17721625307114738
    },
    "1720753214.000226": {
        "final_transformation": [
            0.9998496770858765,
            -0.011701241135597229,
            -0.012890527956187725,
            4.880161762237549,
            0.011668250896036625,
            0.9999295473098755,
            -0.002427551429718733,
            127.39808654785156,
            0.012917941436171532,
            0.0022762396838515997,
            0.999914288520813,
            4.3325347900390625,
            0.0,
            0.0,
            0.0,
            1.0
        ],
        "fitness_score": 0.18080564305620228
    },
    "1720753214.300184": {
        "final_transformation": [
            0.9998401999473572,
            -0.01229944545775652,
            -0.013121377676725388,
            4.886448383331299,
            0.012263838201761246,
            0.9999226927757263,
            -0.002509370446205139,
            127.7740478515625,
            0.013151089660823345,
            0.0023475056514143944,
            0.9999109506607056,
            4.3582634925842285,
            0.0,
            0.0,
            0.0,
            1.0
        ],
        "fitness_score": 0.173483893707297
    },
    "1720753214.600106": {
        "final_transformation": [
            0.9998306632041931,
            -0.012865106575191021,
            -0.013205074705183506,
            4.900710582733154,
            0.012814231216907501,
            0.9999116063117981,
            -0.0036607207730412483,
            128.162109375,
            0.013250904157757759,
            0.0034903341438621283,
            0.9999072551727295,
            4.374997138977051,
            0.0,
            0.0,
            0.0,
            1.0
        ],
        "fitness_score": 0.1645771082475952
    },
    "1720753214.900116": {
        "final_transformation": [
            0.9998141527175903,
            -0.013184663839638233,
            -0.014249014668166637,
            4.93883752822876,
            0.013117321766912937,
            0.9999051094055176,
            -0.0045261140912771225,
            128.55679321289063,
            0.014307210221886635,
            0.0043378351256251335,
            0.9998896718025208,
            4.396417617797852,
            0.0,
            0.0,
            0.0,
            1.0
        ],
        "fitness_score": 0.17404079925345395
    },
    "1720753215.200145": {
        "final_transformation": [
            0.9998332262039185,
            -0.012578480876982212,
            -0.013313555158674717,
            4.999634742736816,
            0.012503881007432938,
            0.999907910823822,
            -0.005433390848338604,
            129.119140625,
            0.013380570337176323,
            0.005265532527118921,
            0.9998983144760132,
            4.4299235343933105,
            0.0,
            0.0,
            0.0,
            1.0
        ],
        "fitness_score": 0.17435349310166476
    },
    "1720753215.500232": {
        "final_transformation": [
            0.9998215436935425,
            -0.013024105690419674,
            -0.01378396525979042,
            5.034648418426514,
            0.012932769022881985,
            0.9998959302902222,
            -0.0064395153895020485,
            129.7840576171875,
            0.01386629231274128,
            0.006259559188038111,
            0.999885618686676,
            4.468615531921387,
            0.0,
            0.0,
            0.0,
            1.0
        ],
        "fitness_score": 0.1658430328756986
    },
    "1720753215.798386": {
        "final_transformation": [
            0.999840497970581,
            -0.012630809098482132,
            -0.012696661986410618,
            5.055328845977783,
            0.012532329186797142,
            0.9998920559883118,
            -0.007564704865217209,
            130.39224243164063,
            0.012790744192898273,
            0.007403804454952478,
            0.9998920559883118,
            4.493289470672607,
            0.0,
            0.0,
            0.0,
            1.0
        ],
        "fitness_score": 0.16049963405222953
    },
    "1720753216.100075": {
        "final_transformation": [
            0.9998255372047424,
            -0.013126878999173641,
            -0.013442610390484333,
            5.115421772003174,
            0.01302659884095192,
            0.9998894333839417,
            -0.007308704312890768,
            131.1368408203125,
            0.013536953367292881,
            0.007131790742278099,
            0.999884843826294,
            4.518608570098877,
            0.0,
            0.0,
            0.0,
            1.0
        ],
        "fitness_score": 0.1632655036841877
    },
    "1720753216.400082": {
        "final_transformation": [
            0.9998319745063782,
            -0.013206927105784416,
            -0.012817783281207085,
            5.137600421905518,
            0.013114646077156067,
            0.9998908042907715,
            -0.007148451171815395,
            131.90716552734375,
            0.012910681776702404,
            0.00697867339476943,
            0.9998936057090759,
            4.5400214195251465,
            0.0,
            0.0,
            0.0,
            1.0
        ],
        "fitness_score": 0.16879037885799078
    },
    "1720753218.500169": {
        "final_transformation": [
            0.9999366998672485,
            0.004800890106707811,
            -0.01019566785544157,
            5.700845241546631,
            -0.004867701791226864,
            0.9999688267707825,
            -0.006336658727377653,
            138.85006713867188,
            0.010164818726480007,
            0.006385345943272114,
            0.9999319911003113,
            4.774532318115234,
            0.0,
            0.0,
            0.0,
            1.0
        ],
        "fitness_score": 0.2049916137143732
    },
    "1720753218.800106": {
        "final_transformation": [
            0.9999302625656128,
            0.00700675742700696,
            -0.00970248319208622,
            5.758768558502197,
            -0.007072916254401207,
            0.9999542832374573,
            -0.006595424376428127,
            139.7668914794922,
            0.009655717760324478,
            0.006663007196038961,
            0.9999340176582336,
            4.815964221954346,
            0.0,
            0.0,
            0.0,
            1.0
        ],
        "fitness_score": 0.18656283973671517
    },
    "1720753219.100049": {
        "final_transformation": [
            0.9999241232872009,
            0.00813717395067215,
            -0.009308961220085621,
            5.834586143493652,
            -0.008189547806978226,
            0.9999537467956543,
            -0.005360072012990713,
            140.8834991455078,
            0.009264800697565079,
            0.005435400642454624,
            0.9999442100524902,
            4.8538994789123535,
            0.0,
            0.0,
            0.0,
            1.0
        ],
        "fitness_score": 0.17293811185716657
    },
    "1720753219.400120": {
        "final_transformation": [
            0.9999294877052307,
            0.007946444675326347,
            -0.00901049468666315,
            5.958949089050293,
            -0.008003270253539085,
            0.9999489784240723,
            -0.006178614683449268,
            142.29428100585938,
            0.00896085612475872,
            0.006249831523746252,
            0.9999420642852783,
            4.903976917266846,
            0.0,
            0.0,
            0.0,
            1.0
        ],
        "fitness_score": 0.1875086761117383
    },
    "1720753219.700142": {
        "final_transformation": [
            0.9999358654022217,
            0.008102921769022942,
            -0.007990889251232147,
            6.060478687286377,
            -0.008163830265402794,
            0.9999406933784485,
            -0.007319427561014891,
            143.63421630859375,
            0.007930982857942581,
            0.007383708842098713,
            0.999942421913147,
            4.987987518310547,
            0.0,
            0.0,
            0.0,
            1.0
        ],
        "fitness_score": 0.19048850729366898
    },
    "1720753220.000173": {
        "final_transformation": [
            0.9999361634254456,
            0.00844895001500845,
            -0.007519010920077562,
            6.154263496398926,
            -0.008520709350705147,
            0.9999235272407532,
            -0.009109223261475563,
            144.92445373535156,
            0.007441333960741758,
            0.009172216057777405,
            0.9999304413795471,
            5.042166233062744,
            0.0,
            0.0,
            0.0,
            1.0
        ],
        "fitness_score": 0.19671506196141833
    }
}