{
    "1720228496.400143": {
        "final_transformation": [
            0.6269763708114624,
            0.7784703373908997,
            0.02979482337832451,
            -47.439029693603516,
            -0.7785553932189941,
            0.6274788975715637,
            -0.011333731934428215,
            -237.78089904785156,
            -0.02751852571964264,
            -0.016091156750917435,
            0.9994931817054749,
            -9.206781387329102,
            0.0,
            0.0,
            0.0,
            1.0
        ],
        "fitness_score": 3.23522762982832
    },
    "1720228496.700111": {
        "final_transformation": [
            0.6942929625511169,
            0.7192556858062744,
            0.025102313607931137,
            -46.986331939697266,
            -0.7194007039070129,
            0.6945850253105164,
            -0.004368591122329235,
            -237.63018798828125,
            -0.02057778649032116,
            -0.015025853179395199,
            0.9996784925460815,
            -9.215978622436523,
            0.0,
            0.0,
            0.0,
            1.0
        ],
        "fitness_score": 2.9940354074979196
    },
    "1720228497.000092": {
        "final_transformation": [
            0.7197821140289307,
            0.6938377022743225,
            0.02250226028263569,
            -46.835330963134766,
            -0.6939703822135925,
            0.720003604888916,
            -0.002594527555629611,
            -237.50860595703125,
            -0.018001848831772804,
            -0.013748696073889732,
            0.9997449517250061,
            -9.22599983215332,
            0.0,
            0.0,
            0.0,
            1.0
        ],
        "fitness_score": 2.8861396954358343
    },
    "1720228497.297574": {
        "final_transformation": [
            0.7407220005989075,
            0.671431839466095,
            0.022614728659391403,
            -46.71112060546875,
            -0.671570360660553,
            0.7409427165985107,
            -0.002015417441725731,
            -237.31385803222656,
            -0.018109358847141266,
            -0.013694829307496548,
            0.9997444748878479,
            -9.217220306396484,
            0.0,
            0.0,
            0.0,
            1.0
        ],
        "fitness_score": 2.8886873176103047
    },
    "1720228497.599486": {
        "final_transformation": [
            0.7683877944946289,
            0.6396360993385315,
            0.021220652386546135,
            -46.61652755737305,
            -0.639721691608429,
            0.7686039805412292,
            -0.0034133121371269226,
            -237.19686889648438,
            -0.018493467941880226,
            -0.010952855460345745,
            0.9997706413269043,
            -9.2317476272583,
            0.0,
            0.0,
            0.0,
            1.0
        ],
        "fitness_score": 2.878276264251752
    },
    "1720228497.897443": {
        "final_transformation": [
            0.7795636057853699,
            0.6259925365447998,
            0.020418290048837662,
            -46.57606887817383,
            -0.6260544061660767,
            0.7797719240188599,
            -0.004105022177100182,
            -237.12998962402344,
            -0.01849127933382988,
            -0.009583172388374805,
            0.9997836351394653,
            -9.254737854003906,
            0.0,
            0.0,
            0.0,
            1.0
        ],
        "fitness_score": 2.890702259541375
    },
    "1720228498.199156": {
        "final_transformation": [
            0.7983558773994446,
            0.601883590221405,
            0.019140450283885002,
            -46.510643005371094,
            -0.6019654273986816,
            0.7985237240791321,
            -0.0019111301517114043,
            -236.83096313476563,
            -0.016434339806437492,
            -0.00999647006392479,
            0.99981689453125,
            -9.248896598815918,
            0.0,
            0.0,
            0.0,
            1.0
        ],
        "fitness_score": 2.7216589973728387
    },
    "1720228498.500023": {
        "final_transformation": [
            0.8062338829040527,
            0.591281533241272,
            0.01934688352048397,
            -46.444488525390625,
            -0.591379702091217,
            0.8063968420028687,
            -0.0008931383490562439,
            -236.74978637695313,
            -0.01612933725118637,
            -0.010721608065068722,
            0.9998146891593933,
            -9.247947692871094,
            0.0,
            0.0,
            0.0,
            1.0
        ],
        "fitness_score": 2.714487456800325
    },
    "1720228499.100199": {
        "final_transformation": [
            0.8219265341758728,
            0.5692769885063171,
            0.019008904695510864,
            -46.471466064453125,
            -0.5693693161010742,
            0.8220838308334351,
            -0.0007931035361252725,
            -236.95391845703125,
            -0.016078412532806396,
            -0.010171597823500633,
            0.9998209476470947,
            -9.269596099853516,
            0.0,
            0.0,
            0.0,
            1.0
        ],
        "fitness_score": 2.7442598790935744
    },
    "1720228499.397600": {
        "final_transformation": [
            0.8224709630012512,
            0.5684918165206909,
            0.01895923912525177,
            -46.43659973144531,
            -0.5685850381851196,
            0.822625994682312,
            -0.0006956922588869929,
            -236.7997283935547,
            -0.015991879627108574,
            -0.010208151303231716,
            0.9998219609260559,
            -9.25802993774414,
            0.0,
            0.0,
            0.0,
            1.0
        ],
        "fitness_score": 2.6868807688088467
    },
    "1720228500.000276": {
        "final_transformation": [
            0.8245095014572144,
            0.5655688643455505,
            0.017807604745030403,
            -46.5136604309082,
            -0.565622866153717,
            0.8246631622314453,
            -0.00242288107983768,
            -236.4687957763672,
            -0.016055580228567123,
            -0.008075079880654812,
            0.9998415112495422,
            -9.249412536621094,
            0.0,
            0.0,
            0.0,
            1.0
        ],
        "fitness_score": 2.758462276603211
    },
    "1720228500.296614": {
        "final_transformation": [
            0.8248212933540344,
            0.5651161074638367,
            0.01768750697374344,
            -46.59705352783203,
            -0.5651702880859375,
            0.8249727487564087,
            -0.0023684788029640913,
            -236.50331115722656,
            -0.015930164605379105,
            -0.00804327055811882,
            0.9998424649238586,
            -9.26031494140625,
            0.0,
            0.0,
            0.0,
            1.0
        ],
        "fitness_score": 2.7641200101614047
    },
    "1720228500.900104": {
        "final_transformation": [
            0.8284014463424683,
            0.5598511099815369,
            0.01794075034558773,
            -46.71064376831055,
            -0.559893786907196,
            0.8285632133483887,
            -0.0030948680359870195,
            -236.56480407714844,
            -0.016597695648670197,
            -0.0074814618565142155,
            0.9998353123664856,
            -9.28546142578125,
            0.0,
            0.0,
            0.0,
            1.0
        ],
        "fitness_score": 2.979067212472016
    },
    "1720228501.200109": {
        "final_transformation": [
            0.8348162770271301,
            0.5503012537956238,
            0.015954501926898956,
            -46.39668273925781,
            -0.5503391623497009,
            0.8349421620368958,
            -0.002404914004728198,
            -236.75790405273438,
            -0.014644510112702847,
            -0.00677306205034256,
            0.9998724460601807,
            -9.299276351928711,
            0.0,
            0.0,
            0.0,
            1.0
        ],
        "fitness_score": 2.936438669751022
    },
    "1720228501.499443": {
        "final_transformation": [
            0.8421024084091187,
            0.5391080975532532,
            0.015127548016607761,
            -46.402442932128906,
            -0.5391483306884766,
            0.8422110676765442,
            -0.0017736328300088644,
            -236.47280883789063,
            -0.013696786016225815,
            -0.006662821397185326,
            0.9998867511749268,
            -9.294933319091797,
            0.0,
            0.0,
            0.0,
            1.0
        ],
        "fitness_score": 2.6930653392477644
    },
    "1720228501.800063": {
        "final_transformation": [
            0.8528605103492737,
            0.5219119787216187,
            0.015446418896317482,
            -46.36682891845703,
            -0.5219525098800659,
            0.8529744744300842,
            -0.0016854811692610383,
            -236.22604370117188,
            -0.014055091887712479,
            -0.0066252355463802814,
            0.9998823404312134,
            -9.31334114074707,
            0.0,
            0.0,
            0.0,
            1.0
        ],
        "fitness_score": 2.5682184889314326
    },
    "1720228502.098475": {
        "final_transformation": [
            0.8594566583633423,
            0.5110009908676147,
            0.014591149054467678,
            -46.33584213256836,
            -0.5110383629798889,
            0.8595573306083679,
            -0.0013978166971355677,
            -236.04405212402344,
            -0.013256239704787731,
            -0.006255720276385546,
            0.9998952150344849,
            -9.317949295043945,
            0.0,
            0.0,
            0.0,
            1.0
        ],
        "fitness_score": 2.528576003712228
    },
    "1720228502.397530": {
        "final_transformation": [
            0.8717469573020935,
            0.48982346057891846,
            0.01147522684186697,
            -46.24644470214844,
            -0.48986122012138367,
            0.8718023896217346,
            0.00039189812378026545,
            -235.96640014648438,
            -0.00981222651898861,
            -0.005963337607681751,
            0.9999376535415649,
            -9.350154876708984,
            0.0,
            0.0,
            0.0,
            1.0
        ],
        "fitness_score": 2.3927116906351187
    },
    "1720228502.696583": {
        "final_transformation": [
            0.875664234161377,
            0.4828026592731476,
            0.010761851444840431,
            -46.10514450073242,
            -0.48282843828201294,
            0.8757163286209106,
            -0.0003833763475995511,
            -235.86233520507813,
            -0.009609445929527283,
            -0.004860879387706518,
            0.9999458193778992,
            -9.354867935180664,
            0.0,
            0.0,
            0.0,
            1.0
        ],
        "fitness_score": 2.437263957804915
    },
    "1720228502.998339": {
        "final_transformation": [
            0.8813930153846741,
            0.4722827970981598,
            0.009817616082727909,
            -46.04801559448242,
            -0.47227129340171814,
            0.8814471364021301,
            -0.0037560502532869577,
            -235.73318481445313,
            -0.01042769756168127,
            -0.0013264628360047936,
            0.9999472498893738,
            -9.350114822387695,
            0.0,
            0.0,
            0.0,
            1.0
        ],
        "fitness_score": 2.4490803570428628
    },
    "1720228503.300126": {
        "final_transformation": [
            0.8850517868995667,
            0.4654025137424469,
            0.009185589849948883,
            -46.02940368652344,
            -0.46538883447647095,
            0.8850991725921631,
            -0.003846188075840473,
            -235.69578552246094,
            -0.00992023665457964,
            -0.0008712412673048675,
            0.9999529123306274,
            -9.345426559448242,
            0.0,
            0.0,
            0.0,
            1.0
        ],
        "fitness_score": 2.4182582554415566
    },
    "1720228503.600168": {
        "final_transformation": [
            0.8930653929710388,
            0.44989824295043945,
            0.0055893799290061,
            -46.12286376953125,
            -0.44988349080085754,
            0.893081784248352,
            -0.00391770526766777,
            -235.40826416015625,
            -0.006754385307431221,
            0.0009837625548243523,
            0.9999791979789734,
            -9.323935508728027,
            0.0,
            0.0,
            0.0,
            1.0
        ],
        "fitness_score": 2.3770361886456493
    },
    "1720228503.896499": {
        "final_transformation": [
            0.9015868306159973,
            0.43256622552871704,
            0.005603788886219263,
            -46.25724792480469,
            -0.432555615901947,
            0.9016041159629822,
            -0.0032645182218402624,
            -235.26898193359375,
            -0.0064645810052752495,
            0.0005188515060581267,
            0.9999809861183167,
            -9.308073043823242,
            0.0,
            0.0,
            0.0,
            1.0
        ],
        "fitness_score": 2.4700830320557103
    },
    "1720228504.199513": {
        "final_transformation": [
            0.9077625870704651,
            0.419455349445343,
            0.005075312685221434,
            -46.34430694580078,
            -0.4194428324699402,
            0.9077767133712769,
            -0.0035993652418255806,
            -235.2008056640625,
            -0.006117093842476606,
            0.0011380616342648864,
            0.9999827742576599,
            -9.297605514526367,
            0.0,
            0.0,
            0.0,
            1.0
        ],
        "fitness_score": 2.579322630410628
    }
}