{
    "1720183228.599977": {
        "final_transformation": [
            0.9996493458747864,
            -0.026481522247195244,
            -0.0016185250133275986,
            7.08417272567749,
            0.026456736028194427,
            0.9995728731155396,
            -0.01250020693987608,
            161.22525024414063,
            0.0019487078534439206,
            0.012452475726604462,
            0.9999217987060547,
            5.924597263336182,
            0.0,
            0.0,
            0.0,
            1.0
        ],
        "fitness_score": 0.4101779326639391
    },
    "1720183228.898022": {
        "final_transformation": [
            0.9996432662010193,
            -0.026639239862561226,
            -0.0021524217445403337,
            7.073802471160889,
            0.02660987339913845,
            0.9995696544647217,
            -0.012389563955366611,
            161.31788635253906,
            0.0024814505595713854,
            0.012327360920608044,
            0.9999210238456726,
            5.929538726806641,
            0.0,
            0.0,
            0.0,
            1.0
        ],
        "fitness_score": 0.40876762714680615
    },
    "1720183229.200048": {
        "final_transformation": [
            0.9996349811553955,
            -0.0269135944545269,
            -0.002483511110767722,
            7.099172592163086,
            0.026881450787186623,
            0.9995651245117188,
            -0.012125522829592228,
            161.34268188476563,
            0.0028087315149605274,
            0.012053823098540306,
            0.9999233484268188,
            5.934742450714111,
            0.0,
            0.0,
            0.0,
            1.0
        ],
        "fitness_score": 0.40605639195955723
    },
    "1720183229.499920": {
        "final_transformation": [
            0.9996314644813538,
            -0.027047229930758476,
            -0.0023970140609890223,
            7.101219654083252,
            0.02701466903090477,
            0.9995576739311218,
            -0.012365235947072506,
            161.46688842773438,
            0.002730331616476178,
            0.012295505031943321,
            0.9999196529388428,
            5.941328048706055,
            0.0,
            0.0,
            0.0,
            1.0
        ],
        "fitness_score": 0.40829850239404564
    },
    "1720183229.800040": {
        "final_transformation": [
            0.9996234774589539,
            -0.027520541101694107,
            -0.0009370939224027097,
            7.0973734855651855,
            0.02750401198863983,
            0.9995293021202087,
            -0.013704557903110981,
            161.58982849121094,
            0.0013136916095390916,
            0.013673149049282074,
            0.9999076128005981,
            5.948792934417725,
            0.0,
            0.0,
            0.0,
            1.0
        ],
        "fitness_score": 0.4181897572903576
    },
    "1720183230.100093": {
        "final_transformation": [
            0.9995991587638855,
            -0.028355225920677185,
            0.00023671193048357964,
            7.123015403747559,
            0.02835366129875183,
            0.9994905591011047,
            -0.014739111065864563,
            161.8882598876953,
            0.0001811899128369987,
            0.014739363454282284,
            0.9998947978019714,
            5.962008476257324,
            0.0,
            0.0,
            0.0,
            1.0
        ],
        "fitness_score": 0.4336388596642413
    },
    "1720183230.400030": {
        "final_transformation": [
            0.9995779991149902,
            -0.02908485196530819,
            0.00013218173990026116,
            7.138306617736816,
            0.02908209152519703,
            0.9994311928749084,
            -0.017100686207413673,
            162.2544708251953,
            0.0003651611041277647,
            0.01709679327905178,
            0.9998545050621033,
            5.985783100128174,
            0.0,
            0.0,
            0.0,
            1.0
        ],
        "fitness_score": 0.4371739432160495
    },
    "1720183230.698964": {
        "final_transformation": [
            0.9995403289794922,
            -0.030327308923006058,
            -2.270569166284986e-05,
            7.182621955871582,
            0.030321715399622917,
            0.9993841648101807,
            -0.017625099048018456,
            162.65390014648438,
            0.0005571597721427679,
            0.01761576533317566,
            0.9998448491096497,
            6.005126476287842,
            0.0,
            0.0,
            0.0,
            1.0
        ],
        "fitness_score": 0.43470522205049184
    },
    "1720183230.999367": {
        "final_transformation": [
            0.9995032548904419,
            -0.03155084699392319,
            -0.000779487076215446,
            7.217636585235596,
            0.03153129294514656,
            0.9993679523468018,
            -0.01648271270096302,
            163.22607421875,
            0.0012988763628527522,
            0.016449395567178726,
            0.9998663663864136,
            6.0314741134643555,
            0.0,
            0.0,
            0.0,
            1.0
        ],
        "fitness_score": 0.4451869994057583
    },
    "1720183231.299991": {
        "final_transformation": [
            0.9994401335716248,
            -0.033289894461631775,
            -0.003678024047985673,
            7.264235973358154,
            0.033226557075977325,
            0.9993246793746948,
            -0.015777893364429474,
            163.82496643066406,
            0.004200666677206755,
            0.01564629003405571,
            0.9998704195022583,
            6.063119888305664,
            0.0,
            0.0,
            0.0,
            1.0
        ],
        "fitness_score": 0.46074070803020273
    },
    "1720183231.600147": {
        "final_transformation": [
            0.9993506669998169,
            -0.03594116121530533,
            -0.003427802352234721,
            7.2633514404296875,
            0.03587827831506729,
            0.9992217421531677,
            -0.01653614453971386,
            164.50157165527344,
            0.004019264597445726,
            0.016401849687099457,
            0.9998599886894226,
            6.09920597076416,
            0.0,
            0.0,
            0.0,
            1.0
        ],
        "fitness_score": 0.47512833943720206
    },
    "1720183231.900205": {
        "final_transformation": [
            0.9992348551750183,
            -0.03891133889555931,
            -0.004148752428591251,
            7.326235771179199,
            0.03885061666369438,
            0.9991535544395447,
            -0.013571449555456638,
            165.28697204589844,
            0.004673263523727655,
            0.01339942216873169,
            0.9998982548713684,
            6.131646156311035,
            0.0,
            0.0,
            0.0,
            1.0
        ],
        "fitness_score": 0.5020391449650384
    },
    "1720183232.200112": {
        "final_transformation": [
            0.999035656452179,
            -0.043723512440919876,
            -0.0044850013218820095,
            7.398148536682129,
            0.043679624795913696,
            0.9990063905715942,
            -0.00905666034668684,
            166.11553955078125,
            0.004876382183283567,
            0.00885150209069252,
            0.9999520778656006,
            6.174687385559082,
            0.0,
            0.0,
            0.0,
            1.0
        ],
        "fitness_score": 0.5155908964872933
    },
    "1720183232.499234": {
        "final_transformation": [
            0.9987645149230957,
            -0.04960610717535019,
            -0.0035252629313617945,
            7.391195297241211,
            0.04957006126642227,
            0.9987300634384155,
            -0.00913725234568119,
            166.9905548095703,
            0.003973917104303837,
            0.008950727991759777,
            0.9999532103538513,
            6.227141857147217,
            0.0,
            0.0,
            0.0,
            1.0
        ],
        "fitness_score": 0.5386152989019481
    },
    "1720183232.800107": {
        "final_transformation": [
            0.9981993436813354,
            -0.05959544703364372,
            -0.00704352930188179,
            7.366756916046143,
            0.05954842269420624,
            0.9982065558433533,
            -0.006409016437828541,
            168.06227111816406,
            0.007412747945636511,
            0.0059775784611701965,
            0.9999555945396423,
            6.2632365226745605,
            0.0,
            0.0,
            0.0,
            1.0
        ],
        "fitness_score": 0.5771840941716526
    },
    "1720183233.700002": {
        "final_transformation": [
            0.9930502772331238,
            -0.11713948845863342,
            -0.011453532613813877,
            7.235610485076904,
            0.11706142127513885,
            0.993100643157959,
            -0.006965682376176119,
            171.1185302734375,
            0.012190335430204868,
            0.005575941875576973,
            0.999912440776825,
            6.3995842933654785,
            0.0,
            0.0,
            0.0,
            1.0
        ],
        "fitness_score": 0.6357889573122288
    },
    "1720183234.300154": {
        "final_transformation": [
            0.9816977977752686,
            -0.18986256420612335,
            -0.014900704845786095,
            6.9144978523254395,
            0.18973548710346222,
            0.9817913174629211,
            -0.009421350434422493,
            173.03866577148438,
            0.016417963430285454,
            0.006421148311346769,
            0.9998473525047302,
            6.4770731925964355,
            0.0,
            0.0,
            0.0,
            1.0
        ],
        "fitness_score": 0.6799249250192666
    },
    "1720183234.898806": {
        "final_transformation": [
            0.9601183533668518,
            -0.27923309803009033,
            -0.014411254785954952,
            6.411095142364502,
            0.27916163206100464,
            0.9602242112159729,
            -0.006594337522983551,
            175.07395935058594,
            0.0156792551279068,
            0.0023077656514942646,
            0.999876856803894,
            6.583507537841797,
            0.0,
            0.0,
            0.0,
            1.0
        ],
        "fitness_score": 0.7265396037032952
    },
    "1720183235.199801": {
        "final_transformation": [
            0.9442883729934692,
            -0.32896316051483154,
            -0.010437984019517899,
            6.093963623046875,
            0.3288522958755493,
            0.9443212151527405,
            -0.010811222717165947,
            175.9785614013672,
            0.013413194566965103,
            0.006775899790227413,
            0.999888002872467,
            6.63844108581543,
            0.0,
            0.0,
            0.0,
            1.0
        ],
        "fitness_score": 0.7443642369062595
    },
    "1720183235.500016": {
        "final_transformation": [
            0.9229193925857544,
            -0.38482150435447693,
            -0.011737490072846413,
            5.735677719116211,
            0.38474175333976746,
            0.9229878187179565,
            -0.008196686394512653,
            176.83895874023438,
            0.013987700454890728,
            0.0030484749004244804,
            0.9998990297317505,
            6.674815654754639,
            0.0,
            0.0,
            0.0,
            1.0
        ],
        "fitness_score": 0.767147492850288
    },
    "1720183235.800090": {
        "final_transformation": [
            0.8936110138893127,
            -0.4486270844936371,
            -0.014096266590058804,
            5.238625526428223,
            0.44848236441612244,
            0.8937106728553772,
            -0.01216623280197382,
            177.72303771972656,
            0.01805592142045498,
            0.004549372475594282,
            0.9998301267623901,
            6.713477611541748,
            0.0,
            0.0,
            0.0,
            1.0
        ],
        "fitness_score": 0.8152817950828388
    },
    "1720183236.100065": {
        "final_transformation": [
            0.8553605079650879,
            -0.5180169939994812,
            -0.004557696171104908,
            4.55079460144043,
            0.5179437398910522,
            0.8553421497344971,
            -0.011179938912391663,
            178.68618774414063,
            0.009689581580460072,
            0.007201692089438438,
            0.9999298453330994,
            6.776883602142334,
            0.0,
            0.0,
            0.0,
            1.0
        ],
        "fitness_score": 0.82234573020073
    },
    "1720183236.400099": {
        "final_transformation": [
            0.8062732219696045,
            -0.5913883447647095,
            -0.013533485122025013,
            3.9281303882598877,
            0.5911996960639954,
            0.8063759207725525,
            -0.015528922900557518,
            179.48532104492188,
            0.020096460357308388,
            0.00451894523575902,
            0.9997898936271667,
            6.803157806396484,
            0.0,
            0.0,
            0.0,
            1.0
        ],
        "fitness_score": 0.8617431882888495
    },
    "1720183236.699024": {
        "final_transformation": [
            0.7488623261451721,
            -0.6623373031616211,
            -0.022711995989084244,
            3.205150842666626,
            0.6619229912757874,
            0.749201774597168,
            -0.02351224422454834,
            180.19216918945313,
            0.032588690519332886,
            0.0025732277426868677,
            0.9994666576385498,
            6.8416748046875,
            0.0,
            0.0,
            0.0,
            1.0
        ],
        "fitness_score": 0.8932788046968315
    },
    "1720183237.299989": {
        "final_transformation": [
            0.6101915836334229,
            -0.791744589805603,
            -0.028420915827155113,
            1.6114552021026611,
            0.7916057705879211,
            0.6107518076896667,
            -0.01856236718595028,
            181.43307495117188,
            0.032054491341114044,
            -0.011172132566571236,
            0.9994269609451294,
            6.888620853424072,
            0.0,
            0.0,
            0.0,
            1.0
        ],
        "fitness_score": 0.9392631705336286
    },
    "1720183237.594553": {
        "final_transformation": [
            0.5237442255020142,
            -0.8513052463531494,
            -0.031163426116108894,
            0.7302671074867249,
            0.8513005375862122,
            0.5243836641311646,
            -0.017538070678710938,
            181.95594787597656,
            0.03127162531018257,
            -0.017344586551189423,
            0.9993622899055481,
            6.921379566192627,
            0.0,
            0.0,
            0.0,
            1.0
        ],
        "fitness_score": 0.9460921680545004
    },
    "1720183237.900059": {
        "final_transformation": [
            0.42187705636024475,
            -0.9060445427894592,
            -0.03322506695985794,
            -0.12356172502040863,
            0.9061123728752136,
            0.4226072132587433,
            -0.019047124311327934,
            182.25592041015625,
            0.03129850700497627,
            -0.022070735692977905,
            0.9992668628692627,
            6.923475742340088,
            0.0,
            0.0,
            0.0,
            1.0
        ],
        "fitness_score": 0.9407500168883698
    },
    "1720183238.200073": {
        "final_transformation": [
            0.3132537305355072,
            -0.9490058422088623,
            -0.03549594804644585,
            -0.9627000689506531,
            0.9491164088249207,
            0.3141244947910309,
            -0.02234617806971073,
            182.44223022460938,
            0.032356660813093185,
            -0.02669048123061657,
            0.9991194605827332,
            6.932992935180664,
            0.0,
            0.0,
            0.0,
            1.0
        ],
        "fitness_score": 0.9481777832153148
    },
    "1720183239.100091": {
        "final_transformation": [
            -0.04447872191667557,
            -0.9974249005317688,
            -0.056290797889232635,
            -3.7011094093322754,
            0.9982776641845703,
            -0.04222036525607109,
            -0.04071444272994995,
            182.10989379882813,
            0.03823281079530716,
            -0.05800539255142212,
            0.9975833892822266,
            6.8586201667785645,
            0.0,
            0.0,
            0.0,
            1.0
        ],
        "fitness_score": 1.033291376422
    },
    "1720183239.700092": {
        "final_transformation": [
            -0.28646329045295715,
            -0.9560039043426514,
            -0.06319671124219894,
            -5.813900947570801,
            0.9579572081565857,
            -0.2846986651420593,
            -0.03555190935730934,
            181.38201904296875,
            0.015995515510439873,
            -0.07072461396455765,
            0.9973674416542053,
            6.799663066864014,
            0.0,
            0.0,
            0.0,
            1.0
        ],
        "fitness_score": 0.9591949358817243
    },
    "1720183240.000050": {
        "final_transformation": [
            -0.4123930037021637,
            -0.9086702466011047,
            -0.06517291069030762,
            -7.018352031707764,
            0.9109674692153931,
            -0.41067031025886536,
            -0.03855833038687706,
            180.9648895263672,
            0.008272000588476658,
            -0.07527218014001846,
            0.9971285462379456,
            6.773909091949463,
            0.0,
            0.0,
            0.0,
            1.0
        ],
        "fitness_score": 0.9240561670320206
    },
    "1720183240.300090": {
        "final_transformation": [
            -0.5284331440925598,
            -0.8464353084564209,
            -0.06562278419733047,
            -8.007026672363281,
            0.8489552736282349,
            -0.5263117551803589,
            -0.04766049236059189,
            180.44577026367188,
            0.005803263746201992,
            -0.08089663833379745,
            0.9967052340507507,
            6.718740463256836,
            0.0,
            0.0,
            0.0,
            1.0
        ],
        "fitness_score": 0.8620268843894127
    }
}