{
    "1720754206.299202": {
        "final_transformation": [
            -0.9918380975723267,
            -0.11998734623193741,
            -0.043164461851119995,
            -54.35536193847656,
            0.1223558709025383,
            -0.9908427596092224,
            -0.05712027847766876,
            -179.05711364746094,
            -0.035915639251470566,
            -0.061935633420944214,
            0.9974344372749329,
            -7.654935359954834,
            0.0,
            0.0,
            0.0,
            1.0
        ],
        "fitness_score": 0.18026695608573476
    },
    "1720754206.600034": {
        "final_transformation": [
            -0.9921781420707703,
            -0.11553416401147842,
            -0.04727185145020485,
            -54.8897819519043,
            0.11816131323575974,
            -0.9913522601127625,
            -0.057097043842077255,
            -181.75709533691406,
            -0.040266621857881546,
            -0.06223646178841591,
            0.9972474575042725,
            -7.725843906402588,
            0.0,
            0.0,
            0.0,
            1.0
        ],
        "fitness_score": 0.1719374499897592
    },
    "1720754206.899809": {
        "final_transformation": [
            -0.9926657676696777,
            -0.11105970293283463,
            -0.047730766236782074,
            -55.404052734375,
            0.1136578917503357,
            -0.991960883140564,
            -0.055643852800130844,
            -184.3690948486328,
            -0.041167546063661575,
            -0.06066114082932472,
            0.9973076581954956,
            -7.818085193634033,
            0.0,
            0.0,
            0.0,
            1.0
        ],
        "fitness_score": 0.17292859057623047
    },
    "1720754207.200166": {
        "final_transformation": [
            -0.9934532642364502,
            -0.10615731030702591,
            -0.042234424501657486,
            -55.88661193847656,
            0.10847485810518265,
            -0.992469072341919,
            -0.05694161728024483,
            -186.94371032714844,
            -0.03587179258465767,
            -0.06115042045712471,
            0.9974837899208069,
            -7.919238090515137,
            0.0,
            0.0,
            0.0,
            1.0
        ],
        "fitness_score": 0.19278042672111306
    },
    "1720754207.500291": {
        "final_transformation": [
            -0.9936515688896179,
            -0.10428124666213989,
            -0.042234521359205246,
            -56.37608337402344,
            0.10664132982492447,
            -0.9926033616065979,
            -0.058047205209732056,
            -189.47860717773438,
            -0.035869061946868896,
            -0.06218298524618149,
            0.9974215626716614,
            -8.019366264343262,
            0.0,
            0.0,
            0.0,
            1.0
        ],
        "fitness_score": 0.19495230973954172
    },
    "1720754207.800200": {
        "final_transformation": [
            -0.9937177896499634,
            -0.10306308418512344,
            -0.04362282156944275,
            -56.84246826171875,
            0.10552076250314713,
            -0.9927047491073608,
            -0.058332573622465134,
            -192.0469207763672,
            -0.03729292377829552,
            -0.06256958097219467,
            0.9973427057266235,
            -8.081686973571777,
            0.0,
            0.0,
            0.0,
            1.0
        ],
        "fitness_score": 0.19770552611391295
    },
    "1720754208.098887": {
        "final_transformation": [
            -0.9937908053398132,
            -0.10250508785247803,
            -0.043285761028528214,
            -57.286888122558594,
            0.1049911230802536,
            -0.9926831722259521,
            -0.059638798236846924,
            -194.5284423828125,
            -0.036856070160865784,
            -0.0638134777545929,
            0.9972813129425049,
            -8.158404350280762,
            0.0,
            0.0,
            0.0,
            1.0
        ],
        "fitness_score": 0.18106814289041426
    },
    "1720754208.400219": {
        "final_transformation": [
            -0.9938932657241821,
            -0.10201508551836014,
            -0.04204679653048515,
            -57.728389739990234,
            0.10446912795305252,
            -0.9926576018333435,
            -0.060963429510593414,
            -196.91197204589844,
            -0.03551919013261795,
            -0.06498409062623978,
            0.9972536563873291,
            -8.26212215423584,
            0.0,
            0.0,
            0.0,
            1.0
        ],
        "fitness_score": 0.17399972874967193
    },
    "1720754208.700197": {
        "final_transformation": [
            -0.9939975738525391,
            -0.1016889438033104,
            -0.04041830822825432,
            -58.145782470703125,
            0.1039801612496376,
            -0.9928127527236938,
            -0.05927850306034088,
            -199.2266387939453,
            -0.034100115299224854,
            -0.0631256178021431,
            0.9974234104156494,
            -8.35534954071045,
            0.0,
            0.0,
            0.0,
            1.0
        ],
        "fitness_score": 0.18114402159713758
    },
    "1720754209.300154": {
        "final_transformation": [
            -0.9938186407089233,
            -0.10331332683563232,
            -0.04069644957780838,
            -59.01400375366211,
            0.10564767569303513,
            -0.99258953332901,
            -0.06007499620318413,
            -203.8610382080078,
            -0.034188516438007355,
            -0.06400322169065475,
            0.9973638653755188,
            -8.518208503723145,
            0.0,
            0.0,
            0.0,
            1.0
        ],
        "fitness_score": 0.18236801264424024
    },
    "1720754209.600188": {
        "final_transformation": [
            -0.9938125610351563,
            -0.10381072014570236,
            -0.03953145444393158,
            -59.44800567626953,
            0.10613719373941422,
            -0.9924090504646301,
            -0.0621214359998703,
            -206.1028289794922,
            -0.03278282284736633,
            -0.06593311578035355,
            0.9972863793373108,
            -8.634726524353027,
            0.0,
            0.0,
            0.0,
            1.0
        ],
        "fitness_score": 0.1844420731912993
    },
    "1720754210.200201": {
        "final_transformation": [
            -0.9935879707336426,
            -0.10457911342382431,
            -0.042960405349731445,
            -60.272926330566406,
            0.10717318207025528,
            -0.9922266006469727,
            -0.06325606256723404,
            -210.62594604492188,
            -0.036011457443237305,
            -0.0674549788236618,
            0.9970728158950806,
            -8.81974983215332,
            0.0,
            0.0,
            0.0,
            1.0
        ],
        "fitness_score": 0.2119778224934143
    },
    "1720754210.500265": {
        "final_transformation": [
            -0.9935837984085083,
            -0.1051705926656723,
            -0.04160875827074051,
            -60.677974700927734,
            0.1077977865934372,
            -0.9919241666793823,
            -0.06686000525951385,
            -212.76698303222656,
            -0.03424118831753731,
            -0.0709165632724762,
            0.9968957901000977,
            -8.90014362335205,
            0.0,
            0.0,
            0.0,
            1.0
        ],
        "fitness_score": 0.20054148862451943
    },
    "1720754210.798836": {
        "final_transformation": [
            -0.9934943914413452,
            -0.1059502512216568,
            -0.0417972169816494,
            -61.08461380004883,
            0.10855145007371902,
            -0.9919164180755615,
            -0.06575954705476761,
            -214.9214630126953,
            -0.03449217975139618,
            -0.06986896693706512,
            0.996961772441864,
            -8.925576210021973,
            0.0,
            0.0,
            0.0,
            1.0
        ],
        "fitness_score": 0.1895845764282991
    },
    "1720754211.100080": {
        "final_transformation": [
            -0.9935650825500488,
            -0.10571704804897308,
            -0.04065791144967079,
            -61.46767044067383,
            0.10819067806005478,
            -0.992046058177948,
            -0.06435137242078781,
            -216.90480041503906,
            -0.033531684428453445,
            -0.0683363750576973,
            0.9970993399620056,
            -8.988921165466309,
            0.0,
            0.0,
            0.0,
            1.0
        ],
        "fitness_score": 0.1762378659221629
    },
    "1720754211.700128": {
        "final_transformation": [
            -0.993776261806488,
            -0.10486581921577454,
            -0.03757338970899582,
            -62.15228271484375,
            0.10702553391456604,
            -0.9923892617225647,
            -0.060908690094947815,
            -220.6290283203125,
            -0.030900409445166588,
            -0.06455126404762268,
            0.9974379539489746,
            -9.08165168762207,
            0.0,
            0.0,
            0.0,
            1.0
        ],
        "fitness_score": 0.2215571428687925
    },
    "1720754211.999754": {
        "final_transformation": [
            -0.9936671853065491,
            -0.10591891407966614,
            -0.03753841668367386,
            -62.483245849609375,
            0.10807707160711288,
            -0.9922728538513184,
            -0.060976263135671616,
            -222.36441040039063,
            -0.0307899322360754,
            -0.06464731693267822,
            0.9974347949028015,
            -9.134324073791504,
            0.0,
            0.0,
            0.0,
            1.0
        ],
        "fitness_score": 0.2506945638387536
    },
    "1720754212.600147": {
        "final_transformation": [
            -0.9943796396255493,
            -0.09739918261766434,
            -0.04154421016573906,
            -63.09500503540039,
            0.09996865689754486,
            -0.9928682446479797,
            -0.06498774886131287,
            -225.54080200195313,
            -0.03491829335689545,
            -0.06877579540014267,
            0.9970242977142334,
            -9.223180770874023,
            0.0,
            0.0,
            0.0,
            1.0
        ],
        "fitness_score": 0.23041333675662365
    },
    "1720754212.900022": {
        "final_transformation": [
            -0.9958369135856628,
            -0.08153515309095383,
            -0.04079785570502281,
            -63.3344612121582,
            0.08404441177845001,
            -0.9944028258323669,
            -0.06406759470701218,
            -227.09616088867188,
            -0.03534587100148201,
            -0.06722988188266754,
            0.9971133470535278,
            -9.266975402832031,
            0.0,
            0.0,
            0.0,
            1.0
        ],
        "fitness_score": 0.27933438662426735
    },
    "1720754213.499163": {
        "final_transformation": [
            -0.9988543391227722,
            -0.009837470017373562,
            -0.04689328372478485,
            -63.59125900268555,
            0.012739324010908604,
            -0.9980020523071289,
            -0.0619264580309391,
            -229.75592041015625,
            -0.04619045555591583,
            -0.062452930957078934,
            0.9969801306724548,
            -9.304876327514648,
            0.0,
            0.0,
            0.0,
            1.0
        ],
        "fitness_score": 0.3312324142428408
    },
    "1720754213.799894": {
        "final_transformation": [
            -0.9985893368721008,
            0.03228535130620003,
            -0.04218154773116112,
            -63.63839340209961,
            -0.02979305572807789,
            -0.9978547692298889,
            -0.05831091105937958,
            -230.92800903320313,
            -0.04397379234433174,
            -0.05697210878133774,
            0.9974082708358765,
            -9.36176872253418,
            0.0,
            0.0,
            0.0,
            1.0
        ],
        "fitness_score": 0.3327028034120387
    },
    "1720754214.100137": {
        "final_transformation": [
            -0.9879413843154907,
            0.1477200835943222,
            -0.0463934950530529,
            -63.45681381225586,
            -0.1446276307106018,
            -0.9874101281166077,
            -0.06408579647541046,
            -232.63099670410156,
            -0.055276259779930115,
            -0.05660340189933777,
            0.9968680143356323,
            -9.380329132080078,
            0.0,
            0.0,
            0.0,
            1.0
        ],
        "fitness_score": 0.34339350940719565
    },
    "1720754214.395803": {
        "final_transformation": [
            -0.9765223264694214,
            0.21111346781253815,
            -0.04287039488554001,
            -63.297882080078125,
            -0.20796440541744232,
            -0.9757729768753052,
            -0.06796545535326004,
            -233.5226287841797,
            -0.056180380284786224,
            -0.05745444819331169,
            0.996767520904541,
            -9.393730163574219,
            0.0,
            0.0,
            0.0,
            1.0
        ],
        "fitness_score": 0.3806713941869325
    },
    "1720754214.699902": {
        "final_transformation": [
            -0.9586589336395264,
            0.28087377548217773,
            -0.04568089172244072,
            -62.98683166503906,
            -0.2778431475162506,
            -0.9585633873939514,
            -0.06293404847383499,
            -234.41668701171875,
            -0.061464812606573105,
            -0.0476403571665287,
            0.9969735145568848,
            -9.356013298034668,
            0.0,
            0.0,
            0.0,
            1.0
        ],
        "fitness_score": 0.39309481826032544
    },
    "1720754215.300112": {
        "final_transformation": [
            -0.8416724801063538,
            0.5388157963752747,
            -0.03563239425420761,
            -61.68095397949219,
            -0.536803662776947,
            -0.8420392870903015,
            -0.053020842373371124,
            -236.05609130859375,
            -0.05857258662581444,
            -0.0254987720400095,
            0.9979594349861145,
            -9.404780387878418,
            0.0,
            0.0,
            0.0,
            1.0
        ],
        "fitness_score": 0.46807293534944294
    },
    "1720754215.599859": {
        "final_transformation": [
            -0.7909340262413025,
            0.6113762855529785,
            -0.02540387585759163,
            -61.227272033691406,
            -0.6094380021095276,
            -0.7907935976982117,
            -0.056882474571466446,
            -236.5998992919922,
            -0.05486580356955528,
            -0.02950836531817913,
            0.9980592131614685,
            -9.387511253356934,
            0.0,
            0.0,
            0.0,
            1.0
        ],
        "fitness_score": 0.5310890947668185
    },
    "1720754215.900208": {
        "final_transformation": [
            -0.6765251159667969,
            0.7361918687820435,
            -0.018301507458090782,
            -60.290809631347656,
            -0.7340843081474304,
            -0.6761496663093567,
            -0.06275774538516998,
            -237.20419311523438,
            -0.05857643112540245,
            -0.02902253344655037,
            0.99785977602005,
            -9.362796783447266,
            0.0,
            0.0,
            0.0,
            1.0
        ],
        "fitness_score": 0.6046415680188616
    },
    "1720754216.198821": {
        "final_transformation": [
            -0.6113553643226624,
            0.7912977933883667,
            -0.009714175947010517,
            -59.716163635253906,
            -0.7896299958229065,
            -0.610785722732544,
            -0.05850528925657272,
            -237.52877807617188,
            -0.05222851410508156,
            -0.02809714339673519,
            0.9982409477233887,
            -9.349231719970703,
            0.0,
            0.0,
            0.0,
            1.0
        ],
        "fitness_score": 0.6763886986325979
    },
    "1720754216.500098": {
        "final_transformation": [
            -0.47972244024276733,
            0.8774200081825256,
            -0.0019614477641880512,
            -58.714717864990234,
            -0.875657320022583,
            -0.4788999855518341,
            -0.062274836003780365,
            -237.85635375976563,
            -0.05558048188686371,
            -0.02815726213157177,
            0.9980577826499939,
            -9.33260726928711,
            0.0,
            0.0,
            0.0,
            1.0
        ],
        "fitness_score": 0.9684361779246282
    },
    "1720754217.100080": {
        "final_transformation": [
            -0.2453157752752304,
            0.9692604541778564,
            0.018861787393689156,
            -57.051422119140625,
            -0.9679906368255615,
            -0.24383769929409027,
            -0.05945564806461334,
            -238.3209991455078,
            -0.05302882567048073,
            -0.032843705266714096,
            0.9980543255805969,
            -9.319775581359863,
            0.0,
            0.0,
            0.0,
            1.0
        ],
        "fitness_score": 1.3258130211526242
    },
    "1720754217.700206": {
        "final_transformation": [
            0.061651185154914856,
            0.9974663853645325,
            0.0354761928319931,
            -54.406002044677734,
            -0.9961562752723694,
            0.06371011584997177,
            -0.060115743428468704,
            -237.5662078857422,
            -0.062223613262176514,
            -0.03163379058241844,
            0.9975610375404358,
            -9.221095085144043,
            0.0,
            0.0,
            0.0,
            1.0
        ],
        "fitness_score": 1.9355979745488323
    },
    "1720754218.000226": {
        "final_transformation": [
            0.19797837734222412,
            0.9793462157249451,
            0.04107174649834633,
            -53.06901931762695,
            -0.9781926274299622,
            0.20008344948291779,
            -0.05574186146259308,
            -237.05162048339844,
            -0.06280827522277832,
            -0.02914062887430191,
            0.9976010322570801,
            -9.198055267333984,
            0.0,
            0.0,
            0.0,
            1.0
        ],
        "fitness_score": 2.115511876311784
    },
    "1720754218.300296": {
        "final_transformation": [
            0.2926585078239441,
            0.9553166627883911,
            0.04156002402305603,
            -52.173744201660156,
            -0.9542007446289063,
            0.29458776116371155,
            -0.05219915509223938,
            -236.75564575195313,
            -0.0621095709502697,
            -0.02438019961118698,
            0.9977729916572571,
            -9.191529273986816,
            0.0,
            0.0,
            0.0,
            1.0
        ],
        "fitness_score": 2.1803806325228035
    },
    "1720754218.600187": {
        "final_transformation": [
            0.42888781428337097,
            0.9021540284156799,
            0.046628355979919434,
            -50.86570358276367,
            -0.9010623693466187,
            0.43090635538101196,
            -0.049092281609773636,
            -236.17640686035156,
            -0.06438121199607849,
            -0.020960135385394096,
            0.9977062344551086,
            -9.165212631225586,
            0.0,
            0.0,
            0.0,
            1.0
        ],
        "fitness_score": 2.143887658440179
    },
    "1720754218.900100": {
        "final_transformation": [
            0.5577689409255981,
            0.8284000158309937,
            0.05144757404923439,
            -49.7939567565918,
            -0.8275793790817261,
            0.5598022937774658,
            -0.04164498671889305,
            -235.6822967529297,
            -0.06329918652772903,
            -0.01934889517724514,
            0.9978079795837402,
            -9.127695083618164,
            0.0,
            0.0,
            0.0,
            1.0
        ],
        "fitness_score": 2.026854599919294
    },
    "1720754219.200199": {
        "final_transformation": [
            0.6685822010040283,
            0.7426243424415588,
            0.038860153406858444,
            -48.875999450683594,
            -0.742307186126709,
            0.6696004867553711,
            -0.02493193931877613,
            -235.1371612548828,
            -0.044535763561725616,
            -0.01217733509838581,
            0.9989365339279175,
            -9.120656967163086,
            0.0,
            0.0,
            0.0,
            1.0
        ],
        "fitness_score": 1.645820455870541
    },
    "1720754219.500225": {
        "final_transformation": [
            0.7574074268341064,
            0.6518306732177734,
            0.038149282336235046,
            -47.98999786376953,
            -0.6515489816665649,
            0.7583147287368774,
            -0.021130966022610664,
            -234.30990600585938,
            -0.04270293936133385,
            -0.008851702325046062,
            0.9990527033805847,
            -9.102849006652832,
            0.0,
            0.0,
            0.0,
            1.0
        ],
        "fitness_score": 1.6098308123077134
    },
    "1720754219.800104": {
        "final_transformation": [
            0.8250470161437988,
            0.564617395401001,
            0.02257995866239071,
            -47.22220993041992,
            -0.5645841360092163,
            0.8253352642059326,
            -0.00848209299147129,
            -233.41046142578125,
            -0.023425132036209106,
            -0.005750540643930435,
            0.9997113943099976,
            -9.102446556091309,
            0.0,
            0.0,
            0.0,
            1.0
        ],
        "fitness_score": 1.409802118714397
    },
    "1720754220.100055": {
        "final_transformation": [
            0.8704673051834106,
            0.4918249249458313,
            0.019990477710962296,
            -46.50985336303711,
            -0.49182116985321045,
            0.8706828951835632,
            -0.005531947128474712,
            -232.1830291748047,
            -0.020126111805438995,
            -0.005016730632632971,
            0.9997878074645996,
            -9.067638397216797,
            0.0,
            0.0,
            0.0,
            1.0
        ],
        "fitness_score": 1.2583010134203596
    },
    "1720754220.700102": {
        "final_transformation": [
            0.9270446300506592,
            0.37477102875709534,
            0.011759389191865921,
            -45.43549728393555,
            -0.37477004528045654,
            0.9271159768104553,
            -0.002483424497768283,
            -229.89584350585938,
            -0.011833060532808304,
            -0.002105279825627804,
            0.9999305009841919,
            -9.0123872756958,
            0.0,
            0.0,
            0.0,
            1.0
        ],
        "fitness_score": 1.0201349341133843
    },
    "1720754220.999754": {
        "final_transformation": [
            0.9477272629737854,
            0.31883758306503296,
            0.012613383121788502,
            -44.884307861328125,
            -0.31885331869125366,
            0.9478069543838501,
            -0.0009650344727560878,
            -228.5917510986328,
            -0.012262758798897266,
            -0.0031076869927346706,
            0.9999233484268188,
            -8.95322322845459,
            0.0,
            0.0,
            0.0,
            1.0
        ],
        "fitness_score": 0.8567232165598768
    },
    "1720754221.300092": {
        "final_transformation": [
            0.9614375829696655,
            0.27483808994293213,
            0.010078344494104385,
            -44.42414855957031,
            -0.2749030292034149,
            0.9614579677581787,
            0.005482603795826435,
            -227.31649780273438,
            -0.008183135651051998,
            -0.008042184635996819,
            0.9999364018440247,
            -8.932991027832031,
            0.0,
            0.0,
            0.0,
            1.0
        ],
        "fitness_score": 0.7505764377510306
    }
}