{
    "1720485179.600044": {
        "final_transformation": [
            -0.9933031797409058,
            -0.10641966760158539,
            -0.04504626244306564,
            -56.17263412475586,
            0.1090894266963005,
            -0.9921222925186157,
            -0.0616103932261467,
            -190.3552703857422,
            -0.038135088980197906,
            -0.06611204892396927,
            0.9970837235450745,
            -8.051473617553711,
            0.0,
            0.0,
            0.0,
            1.0
        ],
        "fitness_score": 0.1919427306769294
    },
    "1720485179.898088": {
        "final_transformation": [
            -0.9931977987289429,
            -0.10751274228096008,
            -0.044706687331199646,
            -56.358097076416016,
            0.11019707471132278,
            -0.991933286190033,
            -0.06262865662574768,
            -191.35556030273438,
            -0.03761301934719086,
            -0.06712962687015533,
            0.9970360398292542,
            -8.100061416625977,
            0.0,
            0.0,
            0.0,
            1.0
        ],
        "fitness_score": 0.18879136863667745
    },
    "1720485180.199871": {
        "final_transformation": [
            -0.9932600855827332,
            -0.10818897932767868,
            -0.04159296303987503,
            -56.578250885009766,
            0.11072205007076263,
            -0.9917668700218201,
            -0.06432537734508514,
            -192.4978790283203,
            -0.03429153561592102,
            -0.06849747896194458,
            0.9970634579658508,
            -8.140629768371582,
            0.0,
            0.0,
            0.0,
            1.0
        ],
        "fitness_score": 0.1928514885427282
    },
    "1720485180.500072": {
        "final_transformation": [
            -0.9930931925773621,
            -0.10930881649255753,
            -0.04264478757977486,
            -56.8035888671875,
            0.11194317787885666,
            -0.9915754795074463,
            -0.06519230455160141,
            -193.69180297851563,
            -0.03515961393713951,
            -0.0695161521434784,
            0.9969622492790222,
            -8.192898750305176,
            0.0,
            0.0,
            0.0,
            1.0
        ],
        "fitness_score": 0.19215595644365943
    },
    "1720485180.800137": {
        "final_transformation": [
            -0.9930202960968018,
            -0.11050937324762344,
            -0.04127221927046776,
            -57.06028366088867,
            0.11306571960449219,
            -0.9914103746414185,
            -0.06576614826917648,
            -194.97203063964844,
            -0.03365015238523483,
            -0.06997363269329071,
            0.996981143951416,
            -8.254034996032715,
            0.0,
            0.0,
            0.0,
            1.0
        ],
        "fitness_score": 0.1988418875415063
    },
    "1720485181.100126": {
        "final_transformation": [
            -0.9927745461463928,
            -0.1123901754617691,
            -0.042048096656799316,
            -57.3000602722168,
            0.1149662435054779,
            -0.9912502765655518,
            -0.064849354326725,
            -196.17755126953125,
            -0.03439201042056084,
            -0.06921519339084625,
            0.9970094561576843,
            -8.305900573730469,
            0.0,
            0.0,
            0.0,
            1.0
        ],
        "fitness_score": 0.19368600213475753
    },
    "1720485181.400151": {
        "final_transformation": [
            -0.9927355051040649,
            -0.11293068528175354,
            -0.04153847694396973,
            -57.54184341430664,
            0.1154443621635437,
            -0.9912471175193787,
            -0.06407353281974792,
            -197.41567993164063,
            -0.03393922001123428,
            -0.06840376555919647,
            0.9970817565917969,
            -8.356536865234375,
            0.0,
            0.0,
            0.0,
            1.0
        ],
        "fitness_score": 0.19932135411232602
    },
    "1720485181.700127": {
        "final_transformation": [
            -0.9925658106803894,
            -0.11390022188425064,
            -0.0428696908056736,
            -57.80997085571289,
            0.11649616807699203,
            -0.9911385774612427,
            -0.06385334581136703,
            -198.7229461669922,
            -0.0352170467376709,
            -0.06837315112352371,
            0.9970390200614929,
            -8.418274879455566,
            0.0,
            0.0,
            0.0,
            1.0
        ],
        "fitness_score": 0.20178284259532325
    },
    "1720485182.000098": {
        "final_transformation": [
            -0.992622971534729,
            -0.11356189101934433,
            -0.042478062212467194,
            -58.0770149230957,
            0.1160755380988121,
            -0.9912883639335632,
            -0.06226090341806412,
            -200.09742736816406,
            -0.03503776341676712,
            -0.06673255562782288,
            0.997157096862793,
            -8.482053756713867,
            0.0,
            0.0,
            0.0,
            1.0
        ],
        "fitness_score": 0.21431383261155174
    },
    "1720485182.299249": {
        "final_transformation": [
            -0.9927079081535339,
            -0.11304965615272522,
            -0.04191143065690994,
            -58.342132568359375,
            0.11551997065544128,
            -0.9913654923439026,
            -0.062084443867206573,
            -201.43748474121094,
            -0.03453106805682182,
            -0.06647340953350067,
            0.9971924424171448,
            -8.53519058227539,
            0.0,
            0.0,
            0.0,
            1.0
        ],
        "fitness_score": 0.24624331490295495
    },
    "1720485182.599418": {
        "final_transformation": [
            -0.992792546749115,
            -0.11205988377332687,
            -0.042530499398708344,
            -58.640647888183594,
            0.11461593955755234,
            -0.9913919568061829,
            -0.06331110745668411,
            -202.88748168945313,
            -0.03506995365023613,
            -0.06772962212562561,
            0.9970881342887878,
            -8.604572296142578,
            0.0,
            0.0,
            0.0,
            1.0
        ],
        "fitness_score": 0.2591555249042205
    },
    "1720485182.900027": {
        "final_transformation": [
            -0.9931122064590454,
            -0.11005891114473343,
            -0.04021280258893967,
            -58.92316818237305,
            0.11248553544282913,
            -0.9915884733200073,
            -0.06404872983694077,
            -204.35107421875,
            -0.032825592905282974,
            -0.06813120096921921,
            0.997137725353241,
            -8.65829849243164,
            0.0,
            0.0,
            0.0,
            1.0
        ],
        "fitness_score": 0.27298337398252737
    },
    "1720485183.196175": {
        "final_transformation": [
            -0.9934012293815613,
            -0.10736782103776932,
            -0.04038453847169876,
            -59.2236213684082,
            0.10980143398046494,
            -0.9919060468673706,
            -0.06378667056560516,
            -205.78811645507813,
            -0.03320930153131485,
            -0.06780008971691132,
            0.9971452951431274,
            -8.696429252624512,
            0.0,
            0.0,
            0.0,
            1.0
        ],
        "fitness_score": 0.27401801492266203
    },
    "1720485183.500039": {
        "final_transformation": [
            -0.993739128112793,
            -0.10443239659070969,
            -0.03970890864729881,
            -59.45840835571289,
            0.10678734630346298,
            -0.9923079013824463,
            -0.06264602392911911,
            -207.25006103515625,
            -0.03286144137382507,
            -0.06649452447891235,
            0.9972466230392456,
            -8.746782302856445,
            0.0,
            0.0,
            0.0,
            1.0
        ],
        "fitness_score": 0.2953651462775645
    },
    "1720485183.800080": {
        "final_transformation": [
            -0.9938216805458069,
            -0.10294470936059952,
            -0.04149177670478821,
            -59.696346282958984,
            0.10535179823637009,
            -0.9925841093063354,
            -0.06066913157701492,
            -208.7059783935547,
            -0.03493869677186012,
            -0.06466586887836456,
            0.9972966313362122,
            -8.79323959350586,
            0.0,
            0.0,
            0.0,
            1.0
        ],
        "fitness_score": 0.32399425003837967
    },
    "1720485184.099159": {
        "final_transformation": [
            -0.9938709735870361,
            -0.1034727394580841,
            -0.038936764001846313,
            -59.955535888671875,
            0.10573121905326843,
            -0.9925093054771423,
            -0.06121601164340973,
            -210.16064453125,
            -0.032311152666807175,
            -0.06495781987905502,
            0.9973651170730591,
            -8.827336311340332,
            0.0,
            0.0,
            0.0,
            1.0
        ],
        "fitness_score": 0.3775595221881068
    },
    "1720485184.400083": {
        "final_transformation": [
            -0.9939345121383667,
            -0.10249156504869461,
            -0.03992559015750885,
            -60.31733322143555,
            0.104864701628685,
            -0.9925100207328796,
            -0.06268943101167679,
            -211.732666015625,
            -0.03320161625742912,
            -0.06649614125490189,
            0.997235119342804,
            -8.864852905273438,
            0.0,
            0.0,
            0.0,
            1.0
        ],
        "fitness_score": 0.41036628502639516
    },
    "1720485184.699132": {
        "final_transformation": [
            -0.994132399559021,
            -0.1011211946606636,
            -0.03845953196287155,
            -60.67335510253906,
            0.10337203741073608,
            -0.9927206039428711,
            -0.06183572858572006,
            -213.24856567382813,
            -0.03192684054374695,
            -0.06544873118400574,
            0.9973464608192444,
            -8.884587287902832,
            0.0,
            0.0,
            0.0,
            1.0
        ],
        "fitness_score": 0.44440710114183957
    },
    "1720485185.000144": {
        "final_transformation": [
            -0.994356632232666,
            -0.09965072572231293,
            -0.03643561899662018,
            -61.00156021118164,
            0.10184062272310257,
            -0.9927300810813904,
            -0.06416337192058563,
            -214.8582000732422,
            -0.029777055606245995,
            -0.06751220673322678,
            0.9972763061523438,
            -8.91485595703125,
            0.0,
            0.0,
            0.0,
            1.0
        ],
        "fitness_score": 0.4677700392335138
    },
    "1720485185.300159": {
        "final_transformation": [
            -0.9941667914390564,
            -0.09973354637622833,
            -0.041087012737989426,
            -61.33864212036133,
            0.10219313204288483,
            -0.9927822351455688,
            -0.0628126710653305,
            -216.5897216796875,
            -0.03452599421143532,
            -0.06664527952671051,
            0.9971817135810852,
            -8.979738235473633,
            0.0,
            0.0,
            0.0,
            1.0
        ],
        "fitness_score": 0.5242199102284247
    },
    "1720485185.599772": {
        "final_transformation": [
            -0.994722306728363,
            -0.09584697335958481,
            -0.0366034097969532,
            -61.641761779785156,
            0.09793408960103989,
            -0.9933724403381348,
            -0.06018837168812752,
            -218.30821228027344,
            -0.030592136085033417,
            -0.06345580518245697,
            0.997517466545105,
            -9.01419734954834,
            0.0,
            0.0,
            0.0,
            1.0
        ],
        "fitness_score": 0.6090773391469314
    },
    "1720485185.900223": {
        "final_transformation": [
            -0.9953938722610474,
            -0.08902157098054886,
            -0.03561476618051529,
            -61.88619613647461,
            0.09109292179346085,
            -0.9939455986022949,
            -0.061456840485334396,
            -219.93789672851563,
            -0.02992834895849228,
            -0.0644182562828064,
            0.9974761605262756,
            -9.0769681930542,
            0.0,
            0.0,
            0.0,
            1.0
        ],
        "fitness_score": 0.6700118242765202
    },
    "1720485186.198223": {
        "final_transformation": [
            -0.9960751533508301,
            -0.08142860233783722,
            -0.034744538366794586,
            -62.09918212890625,
            0.0834328830242157,
            -0.9946647882461548,
            -0.06070307642221451,
            -221.48622131347656,
            -0.029616432264447212,
            -0.0633639544248581,
            0.9975531697273254,
            -9.118727684020996,
            0.0,
            0.0,
            0.0,
            1.0
        ],
        "fitness_score": 0.7394061308286514
    },
    "1720485186.500195": {
        "final_transformation": [
            -0.996873676776886,
            -0.07167502492666245,
            -0.03327271342277527,
            -62.38351821899414,
            0.07366497069597244,
            -0.9952942728996277,
            -0.06296525150537491,
            -223.08908081054688,
            -0.028603356331586838,
            -0.06521972268819809,
            0.9974621534347534,
            -9.151922225952148,
            0.0,
            0.0,
            0.0,
            1.0
        ],
        "fitness_score": 0.810825005136996
    },
    "1720485186.800212": {
        "final_transformation": [
            -0.9977784752845764,
            -0.056597474962472916,
            -0.03515809774398804,
            -62.617591857910156,
            0.05871976912021637,
            -0.9963159561157227,
            -0.06252533197402954,
            -224.71717834472656,
            -0.03149004653096199,
            -0.06445112079381943,
            0.9974241852760315,
            -9.198486328125,
            0.0,
            0.0,
            0.0,
            1.0
        ],
        "fitness_score": 0.9003469717551322
    },
    "1720485187.400165": {
        "final_transformation": [
            -0.9987346529960632,
            -0.0052325609140098095,
            -0.050029024481773376,
            -63.01422882080078,
            0.008235295303165913,
            -0.9981681108474731,
            -0.059950631111860275,
            -227.97471618652344,
            -0.04962390661239624,
            -0.06028703600168228,
            0.9969485402107239,
            -9.290266990661621,
            0.0,
            0.0,
            0.0,
            1.0
        ],
        "fitness_score": 1.0771804008192736
    },
    "1720485188.000090": {
        "final_transformation": [
            -0.9965317845344543,
            0.07036144286394119,
            -0.04444628581404686,
            -63.05989074707031,
            -0.06765995174646378,
            -0.9959290623664856,
            -0.059572216123342514,
            -231.56591796875,
            -0.04845716059207916,
            -0.05635863170027733,
            0.9972360730171204,
            -9.350868225097656,
            0.0,
            0.0,
            0.0,
            1.0
        ],
        "fitness_score": 1.2758233596237019
    },
    "1720485188.300131": {
        "final_transformation": [
            -0.9933825135231018,
            0.10780090093612671,
            -0.039637573063373566,
            -63.095943450927734,
            -0.1050342544913292,
            -0.9922587871551514,
            -0.0662388950586319,
            -233.31065368652344,
            -0.04647167772054672,
            -0.06163753569126129,
            0.9970166683197021,
            -9.39077091217041,
            0.0,
            0.0,
            0.0,
            1.0
        ],
        "fitness_score": 1.4112976005823337
    },
    "1720485188.600125": {
        "final_transformation": [
            -0.9869269132614136,
            0.15333230793476105,
            -0.049625176936388016,
            -62.864952087402344,
            -0.15095852315425873,
            -0.9873512387275696,
            -0.0484696589410305,
            -235.0054168701172,
            -0.05642976611852646,
            -0.04034504294395447,
            0.9975919723510742,
            -9.37770938873291,
            0.0,
            0.0,
            0.0,
            1.0
        ],
        "fitness_score": 1.458983842186363
    },
    "1720485188.900098": {
        "final_transformation": [
            -0.9798700213432312,
            0.19579611718654633,
            -0.03899673745036125,
            -62.70269012451172,
            -0.1933203935623169,
            -0.9793331623077393,
            -0.05944511666893959,
            -236.85597229003906,
            -0.0498301237821579,
            -0.050709862262010574,
            0.9974707961082458,
            -9.465508460998535,
            0.0,
            0.0,
            0.0,
            1.0
        ],
        "fitness_score": 1.6553025001875992
    },
    "1720485189.199895": {
        "final_transformation": [
            -0.9692607522010803,
            0.24299143254756927,
            -0.038597121834754944,
            -62.27229309082031,
            -0.24067218601703644,
            -0.9689704775810242,
            -0.05634321644902229,
            -238.6544952392578,
            -0.05109056085348129,
            -0.04532229155302048,
            0.997667133808136,
            -9.388011932373047,
            0.0,
            0.0,
            0.0,
            1.0
        ],
        "fitness_score": 1.8774003855496744
    },
    "1720485189.500152": {
        "final_transformation": [
            -0.9577047824859619,
            0.286152184009552,
            -0.030345609411597252,
            -61.90093231201172,
            -0.2839707136154175,
            -0.9568861126899719,
            -0.061072204262018204,
            -240.5133819580078,
            -0.046513404697179794,
            -0.049872078001499176,
            0.9976740479469299,
            -9.452539443969727,
            0.0,
            0.0,
            0.0,
            1.0
        ],
        "fitness_score": 2.27039531847532
    },
    "1720485189.800131": {
        "final_transformation": [
            -0.9432272911071777,
            0.33125802874565125,
            -0.024438366293907166,
            -61.42580795288086,
            -0.329304039478302,
            -0.9422124624252319,
            -0.06158377602696419,
            -242.31539916992188,
            -0.04342636466026306,
            -0.05003989487886429,
            0.9978029727935791,
            -9.44575023651123,
            0.0,
            0.0,
            0.0,
            1.0
        ],
        "fitness_score": 2.6193196604864872
    },
    "1720485190.100111": {
        "final_transformation": [
            -0.9269033074378967,
            0.3748821020126343,
            -0.01778217777609825,
            -60.90951156616211,
            -0.3730529546737671,
            -0.9254944324493408,
            -0.06551829725503922,
            -244.1149444580078,
            -0.04101911932229996,
            -0.05409567430615425,
            0.9976948499679565,
            -9.47697639465332,
            0.0,
            0.0,
            0.0,
            1.0
        ],
        "fitness_score": 3.174670712897275
    },
    "1720485190.400144": {
        "final_transformation": [
            -0.9085423946380615,
            0.41769301891326904,
            -0.009224752895534039,
            -60.35743713378906,
            -0.4162038266658783,
            -0.9067883491516113,
            -0.0671418160200119,
            -245.92529296875,
            -0.03640974313020706,
            -0.057162072509527206,
            0.9977018237113953,
            -9.498270988464355,
            0.0,
            0.0,
            0.0,
            1.0
        ],
        "fitness_score": 3.70787149010045
    },
    "1720485190.700144": {
        "final_transformation": [
            -0.8891288042068481,
            0.45763203501701355,
            0.005218467675149441,
            -59.65494918823242,
            -0.45705077052116394,
            -0.8872995972633362,
            -0.0616874098777771,
            -247.48193359375,
            -0.023599863052368164,
            -0.0572333037853241,
            0.9980822801589966,
            -9.54122543334961,
            0.0,
            0.0,
            0.0,
            1.0
        ],
        "fitness_score": 4.5616596198269574
    },
    "1720485191.300121": {
        "final_transformation": [
            -0.8565287590026855,
            0.5157964825630188,
            0.01773056760430336,
            -58.06283950805664,
            -0.5157929062843323,
            -0.8543288111686707,
            -0.063874751329422,
            -250.72052001953125,
            -0.017798729240894318,
            -0.0638561099767685,
            0.9977996349334717,
            -9.575949668884277,
            0.0,
            0.0,
            0.0,
            1.0
        ],
        "fitness_score": 6.295310920775388
    },
    "1720485191.600103": {
        "final_transformation": [
            -0.8417736291885376,
            0.5395876169204712,
            0.016281267628073692,
            -56.67991256713867,
            -0.5393944382667542,
            -0.8394932746887207,
            -0.06562410295009613,
            -252.77447509765625,
            -0.021742001175880432,
            -0.06402286887168884,
            0.9977127909660339,
            -9.622847557067871,
            0.0,
            0.0,
            0.0,
            1.0
        ],
        "fitness_score": 6.5927511603669275
    },
    "1720485191.900190": {
        "final_transformation": [
            -0.8262658715248108,
            0.5631962418556213,
            0.010043835267424583,
            -55.512176513671875,
            -0.5625331997871399,
            -0.8241156935691833,
            -0.06627526879310608,
            -255.5956573486328,
            -0.02904864028096199,
            -0.06041108816862106,
            0.9977527260780334,
            -9.701366424560547,
            0.0,
            0.0,
            0.0,
            1.0
        ],
        "fitness_score": 6.502874589799702
    },
    "1720485192.199777": {
        "final_transformation": [
            -0.8060304522514343,
            0.5916209816932678,
            0.017497815191745758,
            -53.939544677734375,
            -0.5914739966392517,
            -0.8040356636047363,
            -0.060739900916814804,
            -257.31683349609375,
            -0.02186611481010914,
            -0.05930795893073082,
            0.9980050921440125,
            -9.721626281738281,
            0.0,
            0.0,
            0.0,
            1.0
        ],
        "fitness_score": 6.981352916652133
    },
    "1720485192.499860": {
        "final_transformation": [
            -0.7873814105987549,
            0.6164028644561768,
            0.009114846587181091,
            -53.2735710144043,
            -0.6155343651771545,
            -0.7852866053581238,
            -0.06664338707923889,
            -259.2689208984375,
            -0.03392138332128525,
            -0.05808437988162041,
            0.9977366924285889,
            -9.771261215209961,
            0.0,
            0.0,
            0.0,
            1.0
        ],
        "fitness_score": 6.145952449428616
    },
    "1720485192.799964": {
        "final_transformation": [
            -0.7679367065429688,
            0.640404999256134,
            0.012597092427313328,
            -51.559959411621094,
            -0.6399279832839966,
            -0.766220211982727,
            -0.058324772864580154,
            -260.75006103515625,
            -0.02769933082163334,
            -0.05285115912556648,
            0.9982197880744934,
            -9.7828369140625,
            0.0,
            0.0,
            0.0,
            1.0
        ],
        "fitness_score": 6.353404757934447
    },
    "1720485193.098730": {
        "final_transformation": [
            -0.7477281093597412,
            0.6638457775115967,
            0.014676783233880997,
            -50.6089973449707,
            -0.6632323861122131,
            -0.745606541633606,
            -0.0647595077753067,
            -262.8785400390625,
            -0.03204722702503204,
            -0.0581568144261837,
            0.9977941513061523,
            -9.855667114257813,
            0.0,
            0.0,
            0.0,
            1.0
        ],
        "fitness_score": 5.750394108435629
    },
    "1720485193.400095": {
        "final_transformation": [
            -0.7251849174499512,
            0.6883803606033325,
            0.01565195433795452,
            -49.62802505493164,
            -0.6877132654190063,
            -0.7229812741279602,
            -0.0659496858716011,
            -264.2571716308594,
            -0.03408236429095268,
            -0.05858989432454109,
            0.9977019429206848,
            -9.852679252624512,
            0.0,
            0.0,
            0.0,
            1.0
        ],
        "fitness_score": 5.210518278805018
    },
    "1720485193.700114": {
        "final_transformation": [
            -0.6994600892066956,
            0.7145431041717529,
            0.013702614232897758,
            -48.42236328125,
            -0.7139974236488342,
            -0.6978356242179871,
            -0.05686444044113159,
            -265.36444091796875,
            -0.03106994368135929,
            -0.04955827444791794,
            0.9982894659042358,
            -9.881725311279297,
            0.0,
            0.0,
            0.0,
            1.0
        ],
        "fitness_score": 4.89411426058259
    },
    "1720485194.000188": {
        "final_transformation": [
            -0.6711146831512451,
            0.7412328124046326,
            0.013597264885902405,
            -47.13483428955078,
            -0.7406544089317322,
            -0.6695667505264282,
            -0.05578156188130379,
            -266.71270751953125,
            -0.03224289044737816,
            -0.04750687628984451,
            0.99835205078125,
            -9.954395294189453,
            0.0,
            0.0,
            0.0,
            1.0
        ],
        "fitness_score": 4.70642773897497
    },
    "1720485194.300209": {
        "final_transformation": [
            -0.6429839134216309,
            0.7656269669532776,
            0.019892416894435883,
            -45.652198791503906,
            -0.7651865482330322,
            -0.6410731673240662,
            -0.05931125953793526,
            -268.1482849121094,
            -0.03265772759914398,
            -0.05335773527622223,
            0.9980452060699463,
            -9.969350814819336,
            0.0,
            0.0,
            0.0,
            1.0
        ],
        "fitness_score": 4.416518509328144
    },
    "1720485194.600184": {
        "final_transformation": [
            -0.6112304329872131,
            0.7912811040878296,
            0.016653066501021385,
            -44.56671905517578,
            -0.7906391620635986,
            -0.6095075011253357,
            -0.05822674185037613,
            -269.3589172363281,
            -0.03592361882328987,
            -0.04875674471259117,
            0.9981642365455627,
            -10.054061889648438,
            0.0,
            0.0,
            0.0,
            1.0
        ],
        "fitness_score": 4.076432190078202
    },
    "1720485194.900150": {
        "final_transformation": [
            -0.5788387060165405,
            0.8153310418128967,
            0.013746085576713085,
            -43.38039016723633,
            -0.814268171787262,
            -0.5770144462585449,
            -0.0634470134973526,
            -270.5451965332031,
            -0.04379856213927269,
            -0.04791872203350067,
            0.9978918433189392,
            -10.079663276672363,
            0.0,
            0.0,
            0.0,
            1.0
        ],
        "fitness_score": 3.825562384991644
    },
    "1720485195.200165": {
        "final_transformation": [
            -0.5458995699882507,
            0.8377424478530884,
            0.013539965264499187,
            -42.17655944824219,
            -0.8367540240287781,
            -0.5442869067192078,
            -0.05994534492492676,
            -271.4188232421875,
            -0.04284925013780594,
            -0.044054094702005386,
            0.9981127977371216,
            -10.122049331665039,
            0.0,
            0.0,
            0.0,
            1.0
        ],
        "fitness_score": 4.12065732759489
    },
    "1720485195.498192": {
        "final_transformation": [
            -0.5167538523674011,
            0.855907142162323,
            0.01973712630569935,
            -40.884254455566406,
            -0.854706883430481,
            -0.5144252777099609,
            -0.0695839449763298,
            -272.79168701171875,
            -0.049404218792915344,
            -0.05282755196094513,
            0.9973824620246887,
            -10.158171653747559,
            0.0,
            0.0,
            0.0,
            1.0
        ],
        "fitness_score": 3.945905576049481
    },
    "1720485195.800097": {
        "final_transformation": [
            -0.4860621690750122,
            0.8736476898193359,
            0.02205502614378929,
            -39.50409698486328,
            -0.8727685213088989,
            -0.4839659035205841,
            -0.06364331394433975,
            -273.48931884765625,
            -0.04492795467376709,
            -0.050183773040771484,
            0.9977306127548218,
            -10.158185005187988,
            0.0,
            0.0,
            0.0,
            1.0
        ],
        "fitness_score": 4.276806929397514
    },
    "1720485196.099106": {
        "final_transformation": [
            -0.45699918270111084,
            0.8892857432365417,
            0.018178943544626236,
            -38.45052719116211,
            -0.8881174921989441,
            -0.45508041977882385,
            -0.0644247829914093,
            -274.26312255859375,
            -0.04901914298534393,
            -0.04558723047375679,
            0.9977588653564453,
            -10.188617706298828,
            0.0,
            0.0,
            0.0,
            1.0
        ],
        "fitness_score": 4.012600729634478
    },
    "1720485196.399065": {
        "final_transformation": [
            -0.42518341541290283,
            0.9048917293548584,
            0.01982201263308525,
            -37.39057540893555,
            -0.9036999940872192,
            -0.42319875955581665,
            -0.06503409147262573,
            -274.8817443847656,
            -0.05046023800969124,
            -0.045564811676740646,
            0.9976884722709656,
            -10.21435260772705,
            0.0,
            0.0,
            0.0,
            1.0
        ],
        "fitness_score": 4.093953192146048
    },
    "1720485196.700159": {
        "final_transformation": [
            -0.39268258213996887,
            0.9193978905677795,
            0.022687243297696114,
            -36.367576599121094,
            -0.9182587265968323,
            -0.3905877470970154,
            -0.0651419535279274,
            -275.2221374511719,
            -0.051029983907938004,
            -0.04641305282711983,
            0.9976198077201843,
            -10.193071365356445,
            0.0,
            0.0,
            0.0,
            1.0
        ],
        "fitness_score": 4.218167785573131
    },
    "1720485197.000224": {
        "final_transformation": [
            -0.35651862621307373,
            0.9339669346809387,
            0.02463909238576889,
            -35.28843307495117,
            -0.932883620262146,
            -0.35441064834594727,
            -0.0642194002866745,
            -274.5832214355469,
            -0.05124634876847267,
            -0.045880962163209915,
            0.9976333975791931,
            -10.095192909240723,
            0.0,
            0.0,
            0.0,
            1.0
        ],
        "fitness_score": 4.221713021840908
    },
    "1720485197.300142": {
        "final_transformation": [
            -0.3237419128417969,
            0.9457261562347412,
            0.028255799785256386,
            -33.87793731689453,
            -0.9446315765380859,
            -0.32138991355895996,
            -0.06616616994142532,
            -272.8674011230469,
            -0.053493861109018326,
            -0.04811231419444084,
            0.9974098801612854,
            -10.123678207397461,
            0.0,
            0.0,
            0.0,
            1.0
        ],
        "fitness_score": 3.6419504612868723
    },
    "1720485197.600145": {
        "final_transformation": [
            -0.30339527130126953,
            0.9524626135826111,
            0.027776172384619713,
            -33.09502410888672,
            -0.9514384865760803,
            -0.30121591687202454,
            -0.0635199174284935,
            -272.95477294921875,
            -0.05213367938995361,
            -0.04569913074374199,
            0.9975970983505249,
            -10.182374000549316,
            0.0,
            0.0,
            0.0,
            1.0
        ],
        "fitness_score": 3.6988228032849
    },
    "1720485197.900253": {
        "final_transformation": [
            -0.28673455119132996,
            0.957774817943573,
            0.02134401910007,
            -32.62507629394531,
            -0.9565115571022034,
            -0.28496742248535156,
            -0.06228720396757126,
            -273.24615478515625,
            -0.05357476323843002,
            -0.03827589005231857,
            0.9978310465812683,
            -10.198539733886719,
            0.0,
            0.0,
            0.0,
            1.0
        ],
        "fitness_score": 3.520245803154338
    },
    "1720485198.200067": {
        "final_transformation": [
            -0.27046531438827515,
            0.9624853134155273,
            0.02179940976202488,
            -32.247310638427734,
            -0.9612239599227905,
            -0.2687055468559265,
            -0.062012385576963425,
            -273.415283203125,
            -0.05382828786969185,
            -0.03772646561264992,
            0.9978360533714294,
            -10.215658187866211,
            0.0,
            0.0,
            0.0,
            1.0
        ],
        "fitness_score": 3.535438457658256
    },
    "1720485198.500066": {
        "final_transformation": [
            -0.25450703501701355,
            0.9668218493461609,
            0.02211073599755764,
            -31.97616195678711,
            -0.9656194448471069,
            -0.2528046667575836,
            -0.06056715548038483,
            -273.60394287109375,
            -0.052967943251132965,
            -0.036765534430742264,
            0.9979226589202881,
            -10.231826782226563,
            0.0,
            0.0,
            0.0,
            1.0
        ],
        "fitness_score": 3.754090445439599
    },
    "1720485198.800140": {
        "final_transformation": [
            -0.23725806176662445,
            0.9712213277816772,
            0.021068651229143143,
            -31.745033264160156,
            -0.9698771834373474,
            -0.23558486998081207,
            -0.06195526570081711,
            -273.90045166015625,
            -0.05520876869559288,
            -0.03513360396027565,
            0.9978587031364441,
            -10.235397338867188,
            0.0,
            0.0,
            0.0,
            1.0
        ],
        "fitness_score": 3.483414410426188
    },
    "1720485199.100054": {
        "final_transformation": [
            -0.21815995872020721,
            0.975700318813324,
            0.020419368520379066,
            -31.452804565429688,
            -0.9744170904159546,
            -0.2166188508272171,
            -0.059904471039772034,
            -274.1106262207031,
            -0.05402568727731705,
            -0.032965999096632004,
            0.9979985952377319,
            -10.248356819152832,
            0.0,
            0.0,
            0.0,
            1.0
        ],
        "fitness_score": 3.7344382020659137
    },
    "1720485199.399104": {
        "final_transformation": [
            -0.1945173442363739,
            0.9806854724884033,
            0.020569972693920135,
            -31.172513961791992,
            -0.9793142676353455,
            -0.1929675191640854,
            -0.060895878821611404,
            -274.2864685058594,
            -0.055750440806150436,
            -0.031990014016628265,
            0.9979346990585327,
            -10.243602752685547,
            0.0,
            0.0,
            0.0,
            1.0
        ],
        "fitness_score": 3.3984053719343046
    },
    "1720485199.699355": {
        "final_transformation": [
            -0.1664949506521225,
            0.9858368039131165,
            0.020236404612660408,
            -30.75816535949707,
            -0.9844042658805847,
            -0.16499951481819153,
            -0.0610249824821949,
            -274.3325500488281,
            -0.056821685284376144,
            -0.030081361532211304,
            0.9979345798492432,
            -10.241568565368652,
            0.0,
            0.0,
            0.0,
            1.0
        ],
        "fitness_score": 3.5201317360654794
    },
    "1720485200.000077": {
        "final_transformation": [
            -0.13597719371318817,
            0.9905114769935608,
            0.020108815282583237,
            -30.2708797454834,
            -0.9890588521957397,
            -0.1345488280057907,
            -0.060500096529722214,
            -274.36602783203125,
            -0.057220328599214554,
            -0.0281156525015831,
            0.9979684352874756,
            -10.228894233703613,
            0.0,
            0.0,
            0.0,
            1.0
        ],
        "fitness_score": 3.47837907833648
    },
    "1720485200.300033": {
        "final_transformation": [
            -0.10173136740922928,
            0.994616687297821,
            0.01984407566487789,
            -29.712419509887695,
            -0.9931106567382813,
            -0.10036999732255936,
            -0.06046747416257858,
            -274.3898010253906,
            -0.0581502728164196,
            -0.02585904859006405,
            0.99797523021698,
            -10.194365501403809,
            0.0,
            0.0,
            0.0,
            1.0
        ],
        "fitness_score": 3.444730466380963
    },
    "1720485200.600054": {
        "final_transformation": [
            -0.06180299073457718,
            0.9978923797607422,
            0.01988745480775833,
            -29.244699478149414,
            -0.9964496493339539,
            -0.060546524822711945,
            -0.05852600932121277,
            -274.44793701171875,
            -0.05719847232103348,
            -0.02343415841460228,
            0.998090922832489,
            -10.170628547668457,
            0.0,
            0.0,
            0.0,
            1.0
        ],
        "fitness_score": 3.4336085924031665
    },
    "1720485200.900113": {
        "final_transformation": [
            -0.018007943406701088,
            0.9996433854103088,
