{
    "1720702650.600065": {
        "final_transformation": [
            -0.0027488123159855604,
            0.9999924898147583,
            0.003081949194893241,
            -85.76138305664063,
            -0.9988617300987244,
            -0.0025981322396546602,
            -0.047652535140514374,
            183.7664337158203,
            -0.04764428734779358,
            -0.003209681948646903,
            0.9988604187965393,
            5.57742166519165,
            0.0,
            0.0,
            0.0,
            1.0
        ],
        "fitness_score": 4.755750027863031
    },
    "1720702650.900136": {
        "final_transformation": [
            0.007948145270347595,
            0.9999571442604065,
            0.005219968967139721,
            -82.96989440917969,
            -0.9990687966346741,
            0.00816173106431961,
            -0.0423947237432003,
            183.50425720214844,
            -0.0424356609582901,
            -0.004878413397818804,
            0.999087393283844,
            5.641811847686768,
            0.0,
            0.0,
            0.0,
            1.0
        ],
        "fitness_score": 4.300995809194664
    },
    "1720702651.200206": {
        "final_transformation": [
            0.0028489050455391407,
            0.9999395608901978,
            0.010697968304157257,
            -79.27146911621094,
            -0.9991487860679626,
            0.003286907449364662,
            -0.041126150637865067,
            183.15496826171875,
            -0.04115891829133034,
            -0.010571962222456932,
            0.9990975260734558,
            5.656442165374756,
            0.0,
            0.0,
            0.0,
            1.0
        ],
        "fitness_score": 4.3374322845229525
    },
    "1720702651.500203": {
        "final_transformation": [
            -0.0016686668386682868,
            0.9999410510063171,
            0.01073112990707159,
            -77.12910461425781,
            -0.9990524053573608,
            -0.0012004784075543284,
            -0.04348299279808998,
            183.0103759765625,
            -0.043467603623867035,
            -0.010793829336762428,
            0.9989979267120361,
            5.675946235656738,
            0.0,
            0.0,
            0.0,
            1.0
        ],
        "fitness_score": 4.494919451226933
    },
    "1720702651.799325": {
        "final_transformation": [
            0.006829127669334412,
            0.9999292492866516,
            0.009699883870780468,
            -74.57955169677734,
            -0.9988641738891602,
            0.007279332727193832,
            -0.04707204923033714,
            183.10031127929688,
            -0.04713936522603035,
            -0.009367755614221096,
            0.9988458156585693,
            5.724435806274414,
            0.0,
            0.0,
            0.0,
            1.0
        ],
        "fitness_score": 3.5584763163161734
    },
    "1720702652.100199": {
        "final_transformation": [
            0.016259877011179924,
            0.9997557401657104,
            0.015001868829131126,
            -71.13127136230469,
            -0.9986505508422852,
            0.01698002591729164,
            -0.04910940304398537,
            182.93821716308594,
            -0.04935210570693016,
            -0.014183343388140202,
            0.99868243932724,
            5.758062839508057,
            0.0,
            0.0,
            0.0,
            1.0
        ],
        "fitness_score": 3.142222021368251
    },
    "1720702652.699611": {
        "final_transformation": [
            0.01614495739340782,
            0.9997882843017578,
            0.012799873016774654,
            -67.26201629638672,
            -0.9986939430236816,
            0.016747334972023964,
            -0.048311203718185425,
            182.7904052734375,
            -0.04851542040705681,
            -0.012003409676253796,
            0.9987531900405884,
            5.803957939147949,
            0.0,
            0.0,
            0.0,
            1.0
        ],
        "fitness_score": 2.721623882615254
    },
    "1720702653.000200": {
        "final_transformation": [
            0.025879960507154465,
            0.9995333552360535,
            0.01640329882502556,
            -64.17483520507813,
            -0.9981698989868164,
            0.026736227795481682,
            -0.05428062379360199,
            182.68727111816406,
            -0.054693832993507385,
            -0.014968709088861942,
            0.9983939528465271,
            5.807769298553467,
            0.0,
            0.0,
            0.0,
            1.0
        ],
        "fitness_score": 2.408454828767059
    },
    "1720702653.900123": {
        "final_transformation": [
            0.040273841470479965,
            0.9990919828414917,
            0.013921533711254597,
            -56.733558654785156,
            -0.9980382323265076,
            0.040892958641052246,
            -0.047419678419828415,
            182.54502868652344,
            -0.04794594645500183,
            -0.011984750628471375,
            0.9987794160842896,
            5.923380374908447,
            0.0,
            0.0,
            0.0,
            1.0
        ],
        "fitness_score": 1.5321823396923135
    },
    "1720702654.200109": {
        "final_transformation": [
            0.037661321461200714,
            0.9991354942321777,
            0.017671238631010056,
            -55.13117980957031,
            -0.9980688691139221,
            0.03848501294851303,
            -0.048775043338537216,
            182.50743103027344,
            -0.049413032829761505,
            -0.015800422057509422,
            0.9986547231674194,
            5.926488399505615,
            0.0,
            0.0,
            0.0,
            1.0
        ],
        "fitness_score": 1.2071068908922151
    },
    "1720702654.500204": {
        "final_transformation": [
            0.040099624544382095,
            0.9990653395652771,
            0.01614866405725479,
            -52.455867767333984,
            -0.9978175759315491,
            0.04088935628533363,
            -0.051863472908735275,
            182.32496643066406,
            -0.05247532203793526,
            -0.014034015126526356,
            0.9985249042510986,
            5.961730003356934,
            0.0,
            0.0,
            0.0,
            1.0
        ],
        "fitness_score": 0.9141933407721411
    },
    "1720702654.800116": {
        "final_transformation": [
            0.036288827657699585,
            0.9992192387580872,
            0.015643011778593063,
            -50.462650299072266,
            -0.9977508187294006,
            0.03711038827896118,
            -0.05583657696843147,
            182.25331115722656,
            -0.056373558938503265,
            -0.013581790030002594,
            0.9983171820640564,
            5.999041557312012,
            0.0,
            0.0,
            0.0,
            1.0
        ],
        "fitness_score": 0.8703937226237762
    },
    "1720702655.099832": {
        "final_transformation": [
            0.033873945474624634,
            0.999313473701477,
            0.015005105175077915,
            -49.044464111328125,
            -0.9977824687957764,
            0.0346771664917469,
            -0.056834183633327484,
            182.219482421875,
            -0.05731562525033951,
            -0.013046878390014172,
            0.9982726573944092,
            6.0258612632751465,
            0.0,
            0.0,
            0.0,
            1.0
        ],
        "fitness_score": 0.741525196416395
    },
    "1720702655.399390": {
        "final_transformation": [
            0.03286195918917656,
            0.9993157982826233,
            0.016968945041298866,
            -47.59658432006836,
            -0.9978123903274536,
            0.03378049284219742,
            -0.056843750178813934,
            182.04627990722656,
            -0.05737815052270889,
            -0.015064015984535217,
            0.9982403516769409,
            6.02460241317749,
            0.0,
            0.0,
            0.0,
            1.0
        ],
        "fitness_score": 0.7221517697485038
    },
    "1720702655.699198": {
        "final_transformation": [
            0.03056798316538334,
            0.9992615580558777,
            0.023327114060521126,
            -45.318077087402344,
            -0.9978600740432739,
            0.03185856714844704,
            -0.057109251618385315,
            181.90072631835938,
            -0.05781037360429764,
            -0.02153175324201584,
            0.9980975985527039,
            6.023286819458008,
            0.0,
            0.0,
            0.0,
            1.0
        ],
        "fitness_score": 0.7971949936592329
    },
    "1720702655.998346": {
        "final_transformation": [
            0.02589460276067257,
            0.9993430972099304,
            0.025390923023223877,
            -44.006465911865234,
            -0.9978834986686707,
            0.027357447892427444,
            -0.05900818854570389,
            181.91549682617188,
            -0.05966401845216751,
            -0.023809410631656647,
            0.9979358315467834,
            6.013260364532471,
            0.0,
            0.0,
            0.0,
            1.0
        ],
        "fitness_score": 0.9501391894313809
    },
    "1720702656.300151": {
        "final_transformation": [
            0.023727018386125565,
            0.9992679357528687,
            0.03007967211306095,
            -42.24602508544922,
            -0.9979178309440613,
            0.025480899959802628,
            -0.059288181364536285,
            181.70233154296875,
            -0.06001116335391998,
            -0.02861047349870205,
            0.9977895617485046,
            6.0388407707214355,
            0.0,
            0.0,
            0.0,
            1.0
        ],
        "fitness_score": 0.8123333225845975
    },
    "1720702656.598959": {
        "final_transformation": [
            0.023329854011535645,
            0.9993622303009033,
            0.027094006538391113,
            -41.27602005004883,
            -0.9978999495506287,
            0.0249176025390625,
            -0.05982130765914917,
            181.6623992919922,
            -0.06045820936560631,
            -0.02564172074198723,
            0.9978437423706055,
            6.052987575531006,
            0.0,
            0.0,
            0.0,
            1.0
        ],
        "fitness_score": 0.7604742689000472
    },
    "1720702656.899946": {
        "final_transformation": [
            0.022289205342531204,
            0.9994094967842102,
            0.026193037629127502,
            -39.97488784790039,
            -0.9981368780136108,
            0.02373461052775383,
            -0.056229930371046066,
            181.68026733398438,
            -0.056818366050720215,
            -0.02489117905497551,
            0.9980754852294922,
            6.0704498291015625,
            0.0,
            0.0,
            0.0,
            1.0
        ],
        "fitness_score": 0.7335887302080529
    },
    "1720702657.199893": {
        "final_transformation": [
            0.020190251991152763,
            0.9994786977767944,
            0.025226883590221405,
            -38.78559112548828,
            -0.9982463121414185,
            0.021559622138738632,
            -0.055139221251010895,
            181.60182189941406,
            -0.055654410272836685,
            -0.02406953275203705,
            0.9981600642204285,
            6.081833362579346,
            0.0,
            0.0,
            0.0,
            1.0
        ],
        "fitness_score": 0.761994630336296
    },
    "1720702657.499853": {
        "final_transformation": [
            0.021074295043945313,
            0.9994320273399353,
            0.026335755363106728,
            -37.28126525878906,
            -0.9984931349754333,
            0.022376732900738716,
            -0.05011002719402313,
            181.46249389648438,
            -0.050670839846134186,
            -0.02524029091000557,
            0.998397707939148,
            6.085375785827637,
            0.0,
            0.0,
            0.0,
            1.0
        ],
        "fitness_score": 0.8120996853768871
    },
    "1720702657.800060": {
        "final_transformation": [
            0.019104305654764175,
            0.9995847344398499,
            0.021591821685433388,
            -36.169395446777344,
            -0.9981288909912109,
            0.020323190838098526,
            -0.05766139551997185,
            181.36203002929688,
            -0.058076411485672,
            -0.0204500462859869,
            0.9981030225753784,
            6.11229133605957,
            0.0,
            0.0,
            0.0,
            1.0
        ],
        "fitness_score": 0.8157732890461029
    },
    "1720702658.100012": {
        "final_transformation": [
            0.01404428482055664,
            0.9996983408927917,
            0.020218616351485252,
            -35.05008316040039,
            -0.9982647895812988,
            0.015175445936620235,
            -0.05689045786857605,
            181.1875457763672,
            -0.057180143892765045,
            -0.019384803250432014,
            0.998177170753479,
            6.126155376434326,
            0.0,
            0.0,
            0.0,
            1.0
        ],
        "fitness_score": 0.8425293475431745
    },
    "1720702658.399791": {
        "final_transformation": [
            0.005943876691162586,
            0.9998030066490173,
            0.019045256078243256,
            -34.31217575073242,
            -0.9985771775245667,
            0.006944985128939152,
            -0.05291135236620903,
            180.990966796875,
            -0.05303310975432396,
            -0.018703902140259743,
            0.9984191060066223,
            6.130277156829834,
            0.0,
            0.0,
            0.0,
            1.0
        ],
        "fitness_score": 0.797201297601658
    },
    "1720702658.700072": {
        "final_transformation": [
            -0.0036550252698361874,
            0.9998247623443604,
            0.01851855404675007,
            -33.04379653930664,
            -0.9985033869743347,
            -0.002635321579873562,
            -0.05464959144592285,
            180.80662536621094,
            -0.05459113046526909,
            -0.018690746277570724,
            0.9983365535736084,
            6.138245582580566,
            0.0,
            0.0,
            0.0,
            1.0
        ],
        "fitness_score": 0.8200825070658658
    },
    "1720702658.999818": {
        "final_transformation": [
            -0.021781696006655693,
            0.999643862247467,
            0.015536381863057613,
            -31.978710174560547,
            -0.9985550045967102,
            -0.020989030599594116,
            -0.049488745629787445,
            180.69601440429688,
            -0.04914502426981926,
            -0.016592228785157204,
            0.9986562728881836,
            6.148899555206299,
            0.0,
            0.0,
            0.0,
            1.0
        ],
        "fitness_score": 0.8140469828824384
    },
    "1720702659.300161": {
        "final_transformation": [
            -0.04948617145419121,
            0.9986332654953003,
            0.016959790140390396,
            -30.920326232910156,
            -0.997721254825592,
            -0.04864629730582237,
            -0.046798307448625565,
            180.53810119628906,
            -0.04590921849012375,
            -0.01923719234764576,
            0.9987598061561584,
            6.167993545532227,
            0.0,
            0.0,
            0.0,
            1.0
        ],
        "fitness_score": 0.858894620044388
    },
    "1720702659.900255": {
        "final_transformation": [
            -0.14580370485782623,
            0.9890986084938049,
            0.020665766671299934,
            -28.54881477355957,
            -0.9883094429969788,
            -0.14468060433864594,
            -0.04808935150504112,
            179.85362243652344,
            -0.04457518830895424,
            -0.027435991913080215,
            0.9986302256584167,
            6.171110153198242,
            0.0,
            0.0,
            0.0,
            1.0
        ],
        "fitness_score": 0.8658755827297809
    }
}