{
        "6691": [
            [0.0502598, 0.974386, -0.219195, -227.446],
            [-0.993844, 0.0270979, -0.107423, 403.97],
            [-0.0987323, 0.223245, 0.96975, 4.32237],
            [0, 0, 0, 1]
        ],
        
        "6692": [
            [-0.7643, 0.621521, 0.171922, -227.852],
            [-0.608434, -0.783362, 0.127088, 333.602],
            [0.213666, -0.00746976, 0.976878, 4.25931],
            [0, 0, 0, 1]
        ],
        
        "6699": [
            [0.737012, 0.663829, 0.127062, 24.8248],
            [-0.650463, 0.747719, -0.133469, 53.6995],
            [-0.183608, 0.0157194, 0.982874, 6.44296],
            [0, 0, 0, 1]
        ],
    
        "6700": [
            [0.932732, 0.323474, 0.159295, 21.1256],
            [-0.349294, 0.920222, 0.176591, 49.9803],
            [-0.0894646, -0.220353, 0.971309, 4.01091],
            [0, 0, 0, 1]
        ],
        
        "6694": [
            [-0.245327, -0.960022, 0.134805, -162.242],
            [0.961575, -0.223295, 0.15973, 280.592],
            [-0.123242, 0.168811, 0.977914, 4.47462],
            [0, 0, 0, 1]
        ],
        
        "6701": [
            [-0.710886, -0.702502, -0.0336542, 115.103],
            [0.700922, -0.711601, 0.0482966, 14.0028],
            [-0.0578769, 0.0107444, 0.998267, 6.61271],
            [0, 0, 0, 1]
        ],
        
        "6693": [
            [-0.699744, -0.714393, -0.000193722, -160.793],
            [-0.710428, 0.695831, 0.105414, 282.031],
            [-0.0751721, 0.0739007, -0.99443, 6.22764],
            [0, 0, 0, 1]
        ],
    
        "6697": [
            [-0.333577, -0.940282, 0.0677902, -60.2228],
            [-0.942666, 0.331906, -0.0349121, 167.629],
            [0.0103273, -0.0755494, -0.997088, 6.36313],
            [0, 0, 0, 1]
        ],
        
        "6695": [
            [-0.786556, -0.616147, -0.0411411, -137.759],
            [-0.614017, 0.787444, -0.0539943, 242.319],
            [0.065665, -0.0172084, -0.997685, 6.30862],
            [0, 0, 0, 1]
        ],
        
        "6696": [
            [-0.919193, -0.349899, -0.180708, -135.829],
            [0.374441, -0.918671, -0.125847, 243.67],
            [-0.121978, -0.183342, 0.975453, 5.01501],
            [0, 0, 0, 1]
        ],
        
        "6698": [
            [-0.253355, -0.965453, 0.0609172, -61.9834],
            [0.96716, -0.254119, -0.00500659, 166.074],
            [0.0203138, 0.0576482, 0.998131, 3.70106],
            [0, 0, 0, 1]
        ],
        
        "21": [
            [0.411473, -0.911358, -0.01085, 117.858],
            [0.911422, 0.411434, 0.005703, 16.5687],
            [-0.000733361, -0.0122355, 0.999925, 0.472757],
            [0, 0, 0, 1]
        ],
    
        "27": [
            [-0.990521, -0.136774, 0.012665, -226.739],
            [0.136417, -0.990317, -0.025745, 403.743],
            [0.0160641, -0.0237728, 0.999588, 0.671771],
            [0, 0, 0, 1]
        ],
    
        "middle": [
            [1, 0, 0, 0],
            [0, 1, 0, 0],
            [0, 0, 1, 0],
            [0, 0, 0, 1]
        ],

        "left": [
            [-0.0109525,   -0.305852,   -0.952016,   -0.731176],
            [0.99994, -0.00335003,  -0.0104275 ,   0.172002],
            [0 ,  -0.952073  ,   0.30587  ,   -0.2597],
            [0 ,          0   ,        0    ,       1]
        ],

        "right": [
            [0.0233938,   -0.295539 ,   0.955044 ,   0.652267],
            [0.999715 ,  0.0114769 , -0.0209364 , 0.00526052],
            [-0.00477339   , 0.955262 ,  0.295723  , -0.278661],
            [0 ,          0   ,        0      ,     1]
        ],

        "middle_to_ground": [[ 0.999657, -0.00109618, 0.026154, 0], 
                                [ 0, 0.999123, 0.0418757, 0], 
                                [-0.0261769, -0.0418613, 0.99878, 0], 
                                [ 0, 0, 0, 1]]
    }
    